1002	2	.	1	1	1	0	0	1	1	1	1
1004	2	0	.	.	.	.	.	.	.	.	.
1005	2	0	0	1	1	1	1	1	1	1	0
1006	2	.	.	.	.	.	.	.	.	.	.
1009	2	0	1	1	1	0	1	1	1	1	1
1011	2	0	1	1	1	1	1	1	1	1	1
1012	2	.	0	1	.	1	1	1	0	0	1
1016	2	0	.	.	.	.	.	.	.	.	.
1017	2	1	1	1	1	1	1	1	1	1	1
1023	2	1	1	1	1	1	1	1	0	1	1
1024	2	0	0	1	0	0	0	1	1	1	0
1029	2	.	.	.	.	.	.	.	.	.	.
1032	2	.	1	1	1	1	1	1	1	1	1
1033	2	0	0	0	0	0	0	1	1	1	1
1034	2	.	0	0	1	0	1	1	1	1	0
1036	2	.	1	1	.	1	1	1	.	1	1
1039	2	0	.	.	.	.	.	.	.	.	.
1040	2	.	1	1	1	1	1	1	1	1	1
1041	2	.	1	1	1	0	0	1	1	1	1
1043	2	0	1	1	1	1	1	0	0	1	1
1044	2	.	.	.	.	.	.	.	.	.	.
1045	2	1	0	1	0	1	1	1	1	1	1
1046	2	0	1	1	1	0	0	0	0	0	0
1047	2	0	1	1	1	1	1	1	1	1	1
1052	2	0	1	1	1	1	1	1	0	0	1
1054	2	.	1	1	1	0	0	0	1	0	1
1057	2	0	1	0	.	0	0	1	1	1	1
1060	2	0	0	0	1	0	1	1	1	1	1
1063	2	0	.	.	.	.	.	.	.	.	.
1064	2	0	0	0	1	0	1	0	0	1	1
1065	2	0	1	1	1	1	0	1	1	0	1
1066	2	0	0	0	1	0	0	0	1	1	0
1067	2	.	1	1	1	1	1	1	1	1	1
1071	2	.	1	1	1	1	1	1	1	0	1
1072	2	0	1	1	1	.	1	1	1	1	1
1073	2	0	.	.	.	.	.	.	.	.	.
1076	2	0	1	1	1	1	1	0	0	1	0
1079	2	0	0	0	0	0	0	0	0	1	1
1080	2	0	0	0	1	0	1	1	1	1	1
1082	2	0	1	1	1	1	1	1	1	1	1
1086	2	0	1	1	1	1	0	0	0	1	0
1087	2	.	0	1	1	1	1	1	0	1	1
1089	2	.	.	.	.	.	.	.	.	.	.
1091	2	.	1	1	1	0	0	1	1	1	1
1092	2	0	.	.	.	.	.	.	.	.	.
1094	2	.	0	0	0	0	1	0	1	1	1
1095	2	.	1	1	1	0	1	1	1	1	1
1097	2	0	1	1	1	0	0	1	1	0	1
1103	2	0	1	0	1	0	0	1	1	0	1
1104	2	0	0	1	1	0	1	1	1	1	0
1108	2	.	1	0	1	0	0	1	0	0	1
1112	2	0	1	0	1	1	1	0	1	0	0
1116	2	.	.	.	.	.	.	.	.	.	.
1123	2	0	1	1	1	1	1	1	1	1	1
1124	2	0	.	.	.	.	.	.	.	.	.
1126	2	0	.	.	.	.	.	.	.	.	.
1127	2	.	.	.	.	.	.	.	.	.	.
1129	2	0	0	1	1	.	1	.	1	1	1
1132	2	0	1	1	1	1	1	0	1	1	1
1134	2	0	1	1	1	1	1	1	1	1	1
1135	2	.	1	1	1	1	1	1	1	1	1
1137	2	0	1	0	1	1	1	1	0	1	1
1138	2	.	0	0	1	0	0	0	0	0	1
1140	2	1	1	1	1	1	1	1	1	1	1
1142	2	0	0	0	0	0	0	1	1	1	1
1144	2	0	1	0	0	0	0	0	0	0	0
1145	2	.	0	0	1	1	1	0	0	1	1
1146	2	.	1	1	1	1	1	1	1	1	1
1149	2	0	1	1	1	1	1	1	1	1	1
1150	2	.	1	1	0	1	1	1	1	1	1
1151	2	0	.	.	.	.	.	.	.	.	.
1152	2	0	.	.	.	.	.	.	.	.	.
1153	2	0	0	0	1	1	1	1	1	1	1
1155	2	0	1	1	1	0	0	1	1	1	0
1158	2	0	1	1	1	1	1	1	1	1	1
1159	2	0	1	1	1	0	1	1	0	1	1
1163	2	0	.	.	.	.	.	.	.	.	.
1165	2	0	1	1	1	1	1	1	1	1	1
1167	2	0	1	1	1	0	1	1	1	1	1
1168	2	0	.	.	.	.	.	.	.	.	.
1169	2	0	1	1	1	1	1	0	0	0	0
1170	2	0	.	.	.	.	.	.	.	.	.
1172	2	0	1	1	1	0	0	0	0	1	1
1173	2	1	1	1	1	1	1	1	1	1	1
1174	2	0	1	1	1	1	1	1	0	1	0
1175	2	0	1	1	1	1	1	1	1	1	1
1176	2	0	.	.	.	.	.	.	.	.	.
1177	2	.	1	1	1	0	0	1	1	1	1
1178	2	0	0	1	.	1	1	1	0	1	0
1181	2	.	1	0	1	1	1	1	1	1	1
1183	2	.	1	0	0	1	0	1	0	1	1
1184	2	0	1	1	1	0	1	0	0	1	0
1186	2	.	1	0	1	1	1	0	0	1	1
1190	2	0	1	1	1	0	1	1	1	1	1
1191	2	0	0	0	1	0	0	1	1	.	1
1193	2	0	1	1	1	0	1	1	1	0	1
1194	2	0	1	1	1	1	1	1	0	1	1
1195	2	.	1	1	0	0	0	1	1	0	0
1196	2	0	0	0	0	0	0	0	0	0	0
1198	2	0	0	0	0	0	1	0	0	1	1
1199	2	.	1	0	0	.	0	0	1	0	1
1202	2	0	1	1	1	0	0	1	0	0	1
1208	2	0	1	0	1	0	0	0	1	0	0
1209	2	0	1	1	1	1	1	1	1	1	1
1211	2	.	0	0	0	0	1	.	1	1	1
1212	2	0	0	1	1	1	0	0	0	1	1
1214	2	1	1	1	1	1	1	1	0	1	0
1217	2	.	.	.	.	.	.	.	.	.	.
1218	2	.	1	1	0	1	1	1	1	1	1
1219	2	0	1	1	1	1	1	0	0	1	0
1222	2	0	0	0	0	1	1	0	0	0	0
1223	2	1	.	.	.	.	.	.	.	.	.
1225	2	0	0	1	1	1	1	1	0	1	1
1227	2	.	1	1	1	0	0	1	1	1	1
1228	2	.	0	0	0	0	0	1	0	1	1
1229	2	0	0	0	1	1	0	1	0	0	1
1231	2	.	1	1	1	0	0	0	0	0	1
1232	2	0	1	1	1	0	1	1	1	1	1
1233	2	0	1	1	1	1	1	0	0	1	0
1234	2	.	0	1	1	0	1	1	1	1	1
1235	2	.	1	1	1	0	0	1	1	1	1
1236	2	.	1	1	1	1	1	0	1	1	0
1238	2	0	1	1	1	1	1	0	1	1	1
1242	2	0	1	1	1	1	1	1	0	0	0
1244	2	0	1	1	1	1	1	1	1	1	1
1245	2	0	0	0	0	0	0	1	1	1	1
1247	2	0	1	1	1	1	1	1	0	1	1
1250	2	0	1	0	1	1	1	1	1	1	1
1252	2	0	.	.	.	.	.	.	.	.	.
1253	2	.	1	1	1	1	1	1	1	1	1
1254	2	.	0	0	0	1	1	0	0	0	1
1256	2	0	0	0	0	0	1	0	0	1	0
1257	2	0	1	1	1	1	1	1	1	1	0
1259	2	.	1	1	1	1	1	1	1	1	1
1260	2	0	0	0	1	1	1	0	1	1	1
1261	2	0	0	0	0	0	0	0	0	0	0
1266	2	.	1	1	1	1	1	1	1	1	1
1268	2	.	0	0	0	0	0	0	0	0	0
1270	2	.	0	0	1	0	0	1	1	0	0
1274	2	0	0	1	1	0	0	0	1	1	1
1281	2	0	.	.	.	.	.	.	.	.	.
1282	2	0	1	1	1	0	0	0	0	1	1
1284	2	0	1	1	1	1	1	1	1	1	1
1285	2	0	.	.	.	.	.	.	.	.	.
1287	2	1	1	1	1	1	1	1	1	1	1
1288	2	0	1	1	1	1	1	1	1	1	1
1289	2	1	1	1	1	1	1	1	1	1	1
1292	2	0	1	1	1	0	0	1	0	.	.
1295	2	0	1	1	1	1	1	1	1	1	1
1296	2	0	1	1	1	1	1	1	1	1	1
1297	2	.	1	1	1	0	0	1	1	1	0
1300	2	.	0	0	0	0	0	1	0	0	1
1301	2	.	.	.	.	.	.	.	.	.	.
1303	2	0	1	.	1	0	1	0	0	1	1
1305	2	0	1	1	1	1	1	1	1	1	1
1306	2	.	1	1	1	1	1	0	1	1	1
1309	2	.	1	1	1	1	1	1	1	1	1
1312	2	.	.	.	.	.	.	.	.	.	.
1313	2	0	1	1	1	0	1	1	1	1	1
1316	2	0	0	1	1	0	1	1	1	1	0
1319	2	.	1	1	1	0	0	1	1	1	1
1320	2	1	1	0	1	0	0	0	1	1	1
1321	2	0	1	0	1	1	1	1	1	1	1
1322	2	0	0	0	0	1	1	0	1	1	0
1323	2	0	1	1	1	1	1	0	0	1	1
1324	2	.	1	1	1	0	0	1	1	.	1
1325	2	0	1	1	1	1	1	1	1	1	1
1329	2	0	1	0	1	0	1	1	1	1	0
1330	2	0	0	0	1	1	1	0	0	0	0
1331	2	0	1	1	1	0	0	1	1	1	1
1332	2	0	1	1	1	1	1	1	1	1	1
1335	2	0	.	.	.	.	.	.	.	.	.
1341	2	0	0	0	0	1	1	0	0	1	0
1342	2	0	1	1	1	0	1	1	1	1	1
1343	2	.	1	0	1	0	0	1	0	0	0
1345	2	0	0	1	1	0	1	1	1	1	0
1346	2	0	0	1	1	0	1	1	1	1	1
1349	2	0	0	0	0	0	1	1	1	1	1
1350	2	0	1	1	1	0	0	0	.	1	0
1351	2	0	1	0	1	0	0	0	0	1	1
1352	2	0	1	1	1	1	1	1	1	1	1
1354	2	1	1	1	1	.	0	1	0	1	1
1355	2	.	0	1	1	0	1	0	0	.	0
1356	2	.	1	0	0	0	1	0	0	1	0
1359	2	0	.	.	.	.	.	.	.	.	.
1362	2	0	1	1	1	0	1	1	0	1	1
1364	2	0	1	1	1	0	1	0	0	0	1
1369	2	0	1	1	1	1	1	0	1	1	0
1370	2	.	0	0	0	1	0	0	0	0	0
1371	2	0	1	1	1	0	0	0	0	0	1
1374	2	.	1	1	1	1	1	0	0	1	0
1378	2	.	1	1	1	1	1	1	0	1	1
1379	2	0	.	.	.	.	.	.	.	.	.
1380	2	.	0	1	1	1	1	0	0	0	0
1381	2	.	1	1	1	1	1	1	1	1	1
1382	2	0	0	0	0	0	0	1	0	0	0
1383	2	.	1	1	1	1	1	1	1	1	1
1386	2	0	0	0	1	1	1	1	0	1	1
1387	2	.	.	.	.	.	.	.	.	.	.
1389	2	.	0	0	0	0	1	1	1	1	0
1391	2	0	0	0	0	1	1	1	1	0	0
1392	2	0	1	1	1	1	1	1	1	0	1
1394	2	0	1	1	1	.	0	1	1	1	1
1395	2	.	1	1	1	0	0	1	1	1	1
1396	2	0	0	1	1	1	1	1	1	1	1
1397	2	0	0	0	0	1	1	1	0	1	1
1399	2	0	1	0	1	0	1	1	0	1	1
1400	2	.	1	0	1	0	1	1	1	1	1
1402	2	0	1	1	1	1	1	1	1	1	1
1403	2	0	0	0	0	0	0	0	0	0	0
1404	2	0	.	.	.	.	.	.	.	.	.
1405	2	.	0	1	1	1	1	1	1	1	1
1406	2	0	0	0	1	1	1	1	0	1	0
1407	2	0	1	1	0	1	1	1	1	0	1
1410	2	0	1	1	1	1	1	1	0	1	0
1412	2	0	1	0	0	0	0	0	0	0	0
1413	2	0	1	1	1	1	1	1	0	1	1
1416	2	0	0	.	0	0	1	1	1	1	1
1419	2	.	1	1	0	0	1	0	1	1	0
1425	2	0	1	1	1	1	1	1	1	1	1
1428	2	.	1	1	1	1	0	1	1	1	0
1429	2	.	1	1	1	1	1	.	1	1	1
1431	2	0	1	0	1	1	1	0	0	0	0
1433	2	0	1	1	1	1	1	1	0	0	1
1435	2	0	1	0	1	1	1	0	1	1	0
1436	2	0	1	1	1	1	1	1	1	1	1
1439	2	0	1	0	1	0	1	1	0	1	1
1440	2	.	0	0	1	0	1	0	1	0	0
1442	2	0	0	0	0	1	0	0	0	1	1
1443	2	0	.	.	.	.	.	.	.	.	.
1445	2	0	0	1	1	0	1	0	1	0	1
1447	2	.	1	0	0	0	0	0	0	.	0
1449	2	0	1	1	0	1	0	1	1	1	1
1452	2	0	1	1	1	0	1	1	1	1	1
1456	2	.	0	0	1	1	0	0	0	0	0
1457	2	0	0	1	1	1	1	1	1	1	1
1460	2	1	0	0	0	0	0	0	0	0	0
1462	2	0	0	0	0	0	0	0	0	0	0
1464	2	0	1	1	1	0	0	1	1	1	0
1465	2	.	1	1	1	1	1	1	1	1	1
1469	2	.	1	1	0	1	0	1	1	0	0
1470	2	0	0	0	1	0	0	1	1	1	1
1472	2	.	1	1	1	1	1	0	0	0	0
1473	2	0	1	1	1	1	1	1	1	1	1
1476	2	0	0	0	0	0	1	1	1	0	0
1479	2	0	1	1	1	1	1	1	1	1	1
1480	2	0	0	0	0	0	0	0	1	0	0
1482	2	0	0	0	0	0	0	0	0	0	0
1483	2	0	0	0	1	1	1	1	1	1	1
1484	2	0	1	1	1	1	1	1	.	1	1
1487	2	0	0	0	0	0	0	1	1	1	1
1488	2	0	1	1	1	0	0	1	1	1	1
1491	2	0	0	1	1	0	1	1	1	1	1
1492	2	0	1	0	1	0	1	0	0	1	1
1493	2	0	1	1	.	1	1	1	1	1	1
1494	2	0	1	1	1	1	1	1	1	1	1
1495	2	0	1	1	1	0	1	1	1	1	1
1497	2	.	0	0	1	1	1	1	1	1	0
1498	2	.	1	1	1	1	1	1	1	.	.
1504	2	0	1	1	1	0	0	0	0	0	0
1506	2	0	1	0	0	1	0	1	1	1	1
1509	2	.	0	1	1	0	1	1	1	1	1
1510	2	0	0	0	0	1	1	0	0	0	0
1511	2	0	0	0	1	0	0	1	1	0	1
1512	2	0	.	.	.	.	.	.	.	.	.
1518	2	0	.	.	.	.	.	.	.	.	.
1519	2	0	0	1	1	1	1	0	0	1	0
1520	2	.	1	1	1	1	0	1	1	1	0
1521	2	.	1	1	1	1	1	1	0	1	1
1522	2	0	.	.	.	.	.	.	.	.	.
1526	2	0	0	0	0	0	0	0	0	0	0
1527	2	0	.	.	.	.	.	.	.	.	.
1529	2	0	1	1	1	1	1	1	1	1	1
1532	2	0	1	1	1	1	0	0	0	1	1
1533	2	.	.	.	.	.	.	.	.	.	.
1534	2	0	0	0	1	1	1	0	0	0	1
1535	2	0	1	1	1	1	1	1	0	1	1
1537	2	0	.	.	.	.	.	.	.	.	.
1541	2	.	1	1	1	0	0	1	1	1	1
1542	2	0	1	0	1	1	1	1	1	1	0
1546	2	0	.	.	.	.	.	.	.	.	.
1547	2	0	1	1	1	1	0	1	1	1	1
1549	2	0	0	0	1	0	1	1	0	1	1
1550	2	0	1	1	1	1	1	1	1	1	1
1551	2	0	1	1	1	1	1	1	1	1	1
1552	2	0	0	0	1	0	0	1	1	.	1
1553	2	.	0	0	0	0	0	0	0	0	0
1558	2	0	1	1	1	1	1	1	0	1	1
1560	2	0	1	1	1	0	1	1	1	1	1
1566	2	.	1	1	1	1	0	0	1	1	0
1570	2	0	0	1	0	1	0	0	0	0	0
1572	2	0	0	0	1	0	1	1	0	0	0
1573	2	.	1	1	1	1	1	1	1	1	1
1575	2	0	0	0	0	0	0	0	0	0	0
1576	2	0	1	1	1	1	1	1	1	1	1
1577	2	.	0	0	0	0	1	1	1	1	1
1579	2	0	0	1	0	0	0	1	1	1	1
1580	2	.	0	0	0	0	0	1	1	.	1
1581	2	0	0	0	1	1	1	1	0	1	0
1584	2	.	0	0	0	0	0	0	0	1	1
1586	2	0	0	0	1	0	0	0	0	0	0
1587	2	0	0	0	0	0	0	0	1	0	0
1588	2	.	1	1	1	0	1	1	1	1	1
1590	2	0	.	.	.	.	.	.	.	.	.
1594	2	.	0	0	1	0	0	1	1	1	1
1595	2	0	.	.	.	.	.	.	.	.	.
1598	2	0	.	.	.	.	.	.	.	.	.
1599	2	0	1	1	0	0	1	1	0	1	1
1602	2	0	1	1	1	1	1	1	1	1	1
1606	2	0	1	1	1	1	1	1	0	1	1
1607	2	.	1	0	1	0	0	1	1	1	1
1609	2	0	1	1	1	0	0	1	1	1	0
1612	2	0	0	1	1	1	1	1	1	1	1
1614	2	.	0	1	0	0	1	0	0	0	0
1615	2	0	0	0	0	0	0	0	0	0	1
1617	2	.	0	0	0	0	0	0	1	1	1
1618	2	0	1	1	1	1	1	0	1	1	1
1619	2	0	0	0	0	1	1	0	0	0	0
1621	2	0	1	1	1	1	1	1	0	1	1
1622	2	0	1	1	1	1	1	1	1	1	1
1623	2	.	1	0	1	0	0	0	0	1	0
1625	2	.	0	0	0	0	0	1	1	1	1
1626	2	0	1	1	1	1	1	1	1	1	1
1629	2	0	0	1	1	1	1	1	1	0	0
1632	2	0	1	1	1	1	1	1	1	1	1
1634	2	0	0	0	0	0	0	0	0	0	0
1636	2	.	1	1	0	1	0	1	1	0	0
1639	2	0	1	0	1	1	1	1	1	1	1
1640	2	0	1	1	1	1	1	1	1	1	0
1641	2	0	1	1	1	1	1	1	1	1	1
1642	2	0	1	1	1	0	0	0	0	0	1
1643	2	0	1	1	1	0	1	0	0	1	0
1646	2	.	1	1	1	1	1	0	1	1	1
1647	2	0	1	1	1	.	1	1	0	0	1
1649	2	0	1	1	0	1	1	1	.	1	1
1653	2	0	1	1	1	1	1	1	0	0	1
1654	2	1	1	1	1	1	1	1	1	1	0
1656	2	0	1	1	1	1	1	1	1	1	1
1657	2	.	1	1	1	1	1	1	1	1	1
1658	2	0	1	1	1	1	1	0	0	1	0
1660	2	0	1	0	1	1	1	1	1	0	1
1661	2	0	.	.	.	.	.	.	.	.	.
1663	2	0	0	0	0	0	1	1	1	1	1
1665	2	0	1	1	1	1	1	1	0	1	0
1667	2	0	0	1	1	0	1	0	0	1	0
1668	2	0	1	1	1	1	1	1	1	1	1
1670	2	.	1	1	0	1	1	0	0	1	1
1671	2	.	1	1	1	1	1	1	0	0	1
1672	2	0	1	1	1	0	0	1	1	1	1
1673	2	0	1	1	1	1	1	1	1	1	1
1677	2	0	1	1	1	1	1	1	1	1	1
1678	2	.	0	0	1	0	1	0	1	0	0
1681	2	.	0	0	0	0	0	0	1	1	1
1682	2	0	1	1	1	1	1	1	1	1	1
1684	2	0	1	1	1	1	0	1	1	1	1
1685	2	0	1	1	1	0	1	0	1	1	1
1686	2	1	1	1	1	1	1	1	1	0	0
1690	2	.	1	1	1	1	1	1	0	1	1
1692	2	0	.	.	.	.	.	.	.	.	.
1693	2	.	.	.	.	.	.	.	.	.	.
1694	2	.	1	1	1	0	0	1	1	1	1
1695	2	0	0	1	0	0	0	1	1	1	1
1697	2	0	1	1	0	0	0	0	0	0	1
1701	2	0	1	1	1	1	1	0	1	0	0
1705	2	0	1	1	1	1	1	1	1	0	1
1708	2	0	.	.	.	.	.	.	.	.	.
1713	2	.	.	.	.	.	.	.	.	.	.
1714	2	0	0	1	1	1	1	.	1	1	1
1716	2	0	1	1	1	1	1	1	1	1	1
1717	2	0	1	1	1	0	1	1	0	0	0
1720	2	.	.	.	.	.	.	.	.	.	.
1721	2	.	1	1	1	1	1	1	0	1	1
1723	2	.	1	1	1	1	1	0	0	0	1
1727	2	0	1	0	1	0	1	0	0	0	1
1730	2	0	0	0	0	0	0	0	0	1	0
1731	2	0	1	1	1	0	1	0	0	1	1
1733	2	.	0	0	0	0	0	0	1	1	0
1734	2	0	1	1	1	1	1	1	1	1	1
1738	2	0	1	1	1	1	1	1	1	0	1
1739	2	.	1	1	1	1	1	0	0	0	0
1740	2	0	.	.	.	.	.	.	.	.	.
1741	2	0	1	0	1	1	1	1	1	1	1
1742	2	0	1	1	1	0	0	1	1	1	1
1743	2	0	1	1	1	0	0	0	1	1	1
1745	2	0	0	1	1	0	0	0	0	0	0
1746	2	0	1	1	1	1	1	1	1	0	0
1748	2	0	1	1	1	0	0	1	0	1	1
1749	2	.	0	1	0	0	1	1	1	1	0
1750	2	0	1	1	1	1	1	1	1	1	1
1753	2	.	.	.	.	.	.	.	.	.	.
1754	2	0	0	0	0	1	0	1	1	1	1
1755	2	0	1	0	1	0	0	1	1	1	1
1756	2	0	1	1	1	0	0	1	0	1	1
1757	2	.	1	1	1	0	0	0	1	1	1
1758	2	0	.	.	.	.	.	.	.	.	.
1759	2	.	0	1	0	0	0	0	1	1	0
1760	2	0	1	1	1	1	1	1	1	0	0
1761	2	0	1	1	1	0	0	1	1	1	1
1762	2	0	1	1	1	0	0	1	1	1	1
1764	2	0	.	.	.	.	.	.	.	.	.
1769	2	0	0	0	0	0	0	0	1	1	1
1773	2	.	0	1	1	0	1	0	0	1	0
1774	2	.	1	0	1	0	1	0	1	0	0
1775	2	.	0	0	0	0	0	1	0	1	1
1776	2	0	1	0	0	0	0	1	0	1	1
1777	2	.	0	1	1	0	1	0	1	1	0
1778	2	.	0	1	1	0	1	0	0	1	0
1779	2	0	0	1	1	0	0	1	1	0	1
1780	2	0	.	.	.	.	.	.	.	.	.
1781	2	0	1	1	1	0	0	1	1	0	1
1782	2	0	1	1	1	0	0	1	0	0	1
1788	2	0	.	.	.	.	.	.	.	.	.
1790	2	.	.	.	.	.	.	.	.	.	.
1791	2	.	1	1	0	1	0	1	0	1	0
1792	2	1	.	.	.	.	.	.	.	.	.
1793	2	0	1	1	0	0	0	1	0	1	0
1794	2	.	.	.	.	.	.	.	.	.	.
1797	2	.	1	0	0	1	1	1	0	1	1
1798	2	1	0	0	0	0	0	0	0	0	0
1799	2	0	1	1	1	1	1	1	1	0	1
1800	2	1	0	0	0	0	1	1	1	1	1
1802	2	0	1	1	1	1	1	1	1	1	1
1803	2	0	1	0	1	0	0	1	1	0	1
1804	2	0	1	1	1	1	1	1	1	1	1
1806	2	0	1	1	1	1	1	0	1	1	0
1807	2	0	1	1	1	1	1	1	1	1	1
1808	2	0	1	1	1	0	0	0	1	1	0
1809	2	0	1	1	1	0	0	0	1	1	1
1811	2	0	0	0	1	0	1	0	0	0	0
1814	2	0	0	0	0	0	1	0	1	0	0
1817	2	0	1	1	0	1	1	1	1	1	0
1820	2	0	1	1	1	1	1	1	1	1	1
1821	2	0	0	0	1	0	1	0	0	1	0
1823	2	.	1	1	1	1	1	1	1	1	1
1824	2	0	0	0	1	0	1	1	0	1	1
1826	2	0	0	1	1	1	1	0	1	1	0
1827	2	0	0	0	1	1	1	0	0	0	0
1828	2	0	1	1	1	1	1	1	1	1	1
1830	2	1	0	1	1	0	0	1	1	1	1
1831	2	.	0	0	0	1	1	1	1	1	1
1832	2	.	0	0	0	0	0	0	0	0	0
1834	2	0	1	1	1	1	1	1	1	1	1
1835	2	0	.	.	.	.	.	.	.	.	.
1836	2	.	0	1	1	1	1	0	.	0	1
1839	2	.	1	1	1	1	1	1	1	1	1
1840	2	.	1	1	1	1	1	1	1	0	1
1844	2	0	1	1	1	1	1	1	1	1	1
1846	2	.	0	1	1	1	0	1	0	1	1
1848	2	1	0	0	1	0	0	1	0	1	1
1850	2	0	0	0	0	0	0	0	0	1	0
1856	2	.	1	1	0	0	0	1	1	1	1
1859	2	.	1	1	0	0	0	1	0	1	1
1861	2	.	1	1	1	1	1	0	0	1	1
1864	2	0	1	1	1	0	0	1	1	1	1
1865	2	0	1	1	1	1	1	1	1	1	1
1867	2	.	.	.	.	.	.	.	.	.	.
1868	2	0	0	1	1	1	1	0	0	0	0
1871	2	.	1	0	0	1	0	1	1	1	1
1872	2	0	.	.	.	.	.	.	.	.	.
1873	2	0	1	1	1	1	0	1	1	1	1
1874	2	0	1	1	1	1	1	1	1	1	1
1876	2	0	1	1	1	1	1	1	1	0	1
1877	2	1	1	1	1	1	1	1	1	1	1
1879	2	0	1	1	1	1	1	1	1	1	1
1881	2	0	1	1	1	1	1	1	1	1	1
1883	2	.	.	.	.	.	.	.	.	.	.
1885	2	0	0	1	0	0	1	0	1	0	0
1888	2	0	0	0	0	0	0	0	0	0	0
1889	2	.	.	.	.	.	.	.	.	.	.
1890	2	0	1	0	1	0	0	0	1	0	0
1892	2	.	1	1	1	0	0	1	0	0	1
1893	2	.	1	1	1	0	0	1	1	1	1
1895	2	0	1	0	1	0	1	1	1	1	1
1897	2	1	0	1	1	1	1	1	1	1	1
1898	2	0	0	1	1	1	1	1	0	1	0
1899	2	0	0	0	1	0	1	1	1	1	1
1900	2	0	0	0	0	0	0	1	1	1	0
1901	2	.	1	1	1	0	0	1	1	1	1
1902	2	.	0	0	.	0	1	1	0	0	0
1903	2	0	0	0	0	0	0	1	0	0	1
1904	2	0	1	1	1	0	.	.	1	1	1
1905	2	0	1	1	0	1	1	1	1	1	1
1908	2	0	0	0	0	0	0	0	0	0	0
1910	2	0	0	1	1	1	1	1	1	1	1
1915	2	0	1	1	1	1	1	1	1	0	1
1916	2	0	1	1	1	1	1	1	1	1	1
1918	2	.	1	1	1	1	0	1	0	1	0
1919	2	0	1	1	1	1	0	1	1	1	1
1920	2	0	1	1	1	1	1	1	0	0	1
1921	2	0	0	0	0	1	0	1	0	1	1
1924	2	0	1	1	1	1	1	1	1	1	1
1927	2	.	1	1	0	0	1	0	0	1	0
1928	2	0	1	1	1	1	1	1	0	1	1
1929	2	.	0	1	1	0	1	0	1	0	0
1931	2	0	1	1	1	1	1	1	1	1	1
1933	2	0	0	0	0	0	0	.	1	1	1
1937	2	0	1	1	1	0	1	1	0	1	1
1942	2	0	0	0	1	0	0	1	1	1	1
1944	2	1	1	1	1	1	1	0	1	1	1
1945	2	.	0	1	1	1	1	0	.	.	0
1946	2	0	0	0	0	0	0	1	0	1	1
1950	2	0	0	0	1	0	1	0	1	0	0
1952	2	0	0	0	0	0	0	0	0	1	1
1953	2	0	1	1	1	1	1	0	1	0	1
1954	2	0	1	1	.	1	1	1	1	1	1
1955	2	0	0	0	1	1	0	0	0	0	0
1957	2	0	0	1	0	1	1	1	1	1	1
1958	2	0	0	0	0	1	1	0	0	0	0
1961	2	.	0	0	0	0	0	0	0	1	0
1962	2	.	1	1	1	1	1	1	1	1	1
1963	2	.	1	1	1	1	1	0	0	0	0
1964	2	.	.	.	.	.	.	.	.	.	.
1967	2	.	0	0	1	1	1	0	0	0	0
1973	2	0	0	0	0	1	0	1	1	0	1
1974	2	0	.	.	.	.	.	.	.	.	.
1976	2	0	1	1	1	1	1	1	0	1	1
1978	2	0	1	1	1	1	0	0	1	1	0
1980	2	0	0	1	1	0	0	0	1	1	1
1981	2	0	0	0	1	0	1	1	0	0	1
1986	2	0	0	1	1	0	0	1	1	1	1
1987	2	.	1	1	1	1	1	0	1	1	1
1988	2	0	.	.	.	.	.	.	.	.	.
1991	2	0	0	1	1	0	1	1	1	1	1
1994	2	.	.	.	.	.	.	.	.	.	.
1995	2	0	1	1	1	1	1	1	1	0	1
1997	2	0	1	0	1	1	1	1	1	1	1
1999	2	0	1	1	1	0	1	1	0	0	1
2001	2	.	0	1	1	1	1	0	0	1	1
2004	2	0	0	1	0	0	1	1	0	0	0
2005	2	0	.	.	.	.	.	.	.	.	.
2006	2	0	0	0	1	0	1	1	1	1	1
2007	2	0	.	.	.	.	.	.	.	.	.
2008	2	.	1	1	1	1	1	0	0	1	1
2010	2	.	0	0	0	0	0	0	0	0	0
2011	2	0	1	1	1	1	1	1	1	1	1
2014	2	0	1	0	1	1	1	0	1	0	0
2016	2	0	1	1	0	0	1	0	0	0	0
2017	2	0	1	0	1	0	0	0	0	1	0
2019	2	.	1	1	1	1	0	1	1	1	1
2020	2	0	.	.	.	.	.	.	.	.	.
2021	2	0	1	1	1	1	1	1	1	1	1
2023	2	0	1	1	1	1	1	1	1	1	1
2029	2	0	0	1	1	1	1	1	0	0	1
2032	2	0	1	1	1	0	1	0	1	1	1
2034	2	0	.	.	.	.	.	.	.	.	.
2041	2	0	1	1	1	1	1	1	1	1	1
2042	2	0	.	.	.	.	.	.	.	.	.
2044	2	0	1	1	1	0	0	1	1	1	1
2045	2	1	1	1	1	1	1	1	1	1	1
2048	2	.	0	0	1	1	1	1	.	1	0
2049	2	.	.	.	.	.	.	.	.	.	.
2051	2	.	1	1	1	1	1	1	1	1	1
2052	2	0	1	1	1	1	1	1	1	1	1
2053	2	0	1	1	1	1	1	1	1	1	1
2058	2	.	1	1	1	1	1	1	1	1	1
2060	2	0	0	1	0	0	0	0	0	1	0
2062	2	0	0	1	1	0	1	1	1	1	0
2063	2	.	1	1	1	0	0	1	1	1	1
2066	2	0	1	1	1	1	1	1	1	1	1
2068	2	0	0	0	1	0	1	1	0	0	0
2070	2	0	1	1	1	1	1	1	1	1	1
2072	2	.	1	1	1	0	0	1	1	1	1
2074	2	0	1	0	0	1	1	.	1	1	1
2075	2	0	1	1	1	1	0	1	1	1	1
2076	2	.	0	0	1	0	0	1	1	1	0
2077	2	.	0	0	1	1	1	0	1	1	1
2078	2	0	1	1	0	1	1	1	1	1	1
2081	2	0	1	1	1	0	0	1	1	1	1
2085	2	0	1	1	1	1	0	0	0	0	0
2086	2	0	0	1	1	0	1	1	1	1	1
2087	2	.	1	1	0	0	1	1	1	1	1
2088	2	0	1	0	0	0	0	0	0	1	1
2089	2	0	1	1	1	1	1	0	0	0	1
2090	2	.	1	0	0	0	0	0	0	0	0
2093	2	1	1	1	1	1	1	1	1	1	1
2094	2	0	0	0	0	0	0	0	0	0	0
2095	2	0	1	0	0	0	0	0	1	0	1
2096	2	0	0	0	0	0	0	1	0	1	1
2097	2	.	.	.	.	.	.	.	.	.	.
2098	2	0	1	0	1	1	1	0	1	1	0
2099	2	0	1	1	1	1	1	1	1	1	1
2106	2	0	1	1	1	1	1	1	1	1	1
2109	2	.	0	0	0	0	1	1	0	1	1
2111	2	0	1	0	0	1	1	1	0	0	1
2113	2	0	0	0	0	0	0	1	1	1	1
2116	2	.	1	1	1	1	1	1	1	1	1
2117	2	0	0	0	0	0	0	0	0	0	0
2118	2	0	0	1	0	0	1	0	0	0	0
2123	2	0	1	0	1	0	1	1	1	1	1
2125	2	.	.	.	.	.	.	.	.	.	.
2126	2	0	1	1	1	1	1	1	1	1	1
2127	2	.	1	1	1	1	1	1	0	1	1
2128	2	.	1	1	1	1	1	1	1	1	0
2130	2	.	.	.	.	.	.	.	.	.	.
2131	2	0	1	1	1	0	0	1	1	1	1
2132	2	0	.	1	1	0	0	1	1	1	1
2133	2	.	1	1	1	0	1	1	1	1	1
2135	2	.	1	1	1	0	1	0	1	1	1
2136	2	.	0	0	1	0	0	1	1	0	1
2137	2	0	1	1	1	1	0	0	0	1	0
2141	2	1	1	1	1	1	1	1	1	1	1
2142	2	0	1	1	1	0	1	1	1	1	1
2144	2	0	1	1	1	1	1	1	1	1	1
2146	2	.	.	.	.	.	.	.	.	.	.
2149	2	0	1	1	1	1	0	1	1	1	1
2150	2	.	1	1	1	0	0	1	1	1	1
2151	2	0	.	.	.	.	.	.	.	.	.
2155	2	.	1	0	0	1	0	1	1	0	0
2157	2	0	1	1	1	1	1	1	1	1	1
2158	2	.	0	1	0	1	1	1	0	0	1
2162	2	0	1	1	1	1	1	1	1	1	1
2164	2	0	1	0	1	0	1	1	1	0	1
2167	2	0	1	1	1	1	1	1	1	1	1
2168	2	0	1	1	1	0	0	1	1	1	1
2169	2	.	1	1	1	1	1	1	1	1	0
2174	2	0	0	0	0	1	1	0	0	0	0
2175	2	0	1	1	1	.	0	0	0	0	0
2176	2	1	.	.	.	.	.	.	.	.	.
2179	2	.	1	0	1	0	0	1	1	1	1
2182	2	1	1	1	1	1	1	1	1	1	1
2183	2	0	1	1	1	0	0	1	1	1	1
2185	2	0	0	1	1	1	1	1	1	1	0
2187	2	0	0	0	0	0	1	1	0	1	1
2188	2	0	1	1	1	0	0	1	1	1	1
2189	2	0	1	1	1	1	1	1	1	1	1
2191	2	0	0	0	0	0	0	0	0	0	0
2192	2	0	1	1	1	1	1	1	1	1	1
2194	2	.	1	1	1	1	1	1	1	1	1
2195	2	.	1	0	1	0	0	1	0	1	1
2196	2	.	1	1	1	1	1	0	1	1	1
2198	2	0	1	1	1	1	1	1	1	1	1
2199	2	0	1	0	1	0	0	0	1	0	0
2200	2	.	0	0	0	0	0	0	0	0	0
2203	2	.	1	1	1	0	0	1	1	1	1
2204	2	0	0	0	0	0	0	0	0	0	0
2207	2	.	0	0	0	1	1	0	0	0	0
2209	2	0	0	0	1	0	0	1	1	1	1
2212	2	0	.	.	.	.	.	.	.	.	.
2221	2	0	.	.	.	.	.	.	.	.	.
2224	2	0	1	1	0	1	1	0	1	1	1
2226	2	0	1	1	1	1	1	1	1	1	1
2227	2	.	1	1	1	0	1	1	1	1	1
2228	2	0	1	1	1	0	0	1	0	0	0
2229	2	.	0	0	1	0	1	1	0	1	1
2230	2	1	1	1	1	0	0	1	1	1	1
2232	2	0	0	0	0	1	0	1	0	1	1
2233	2	0	0	1	1	0	1	0	0	1	1
2234	2	1	1	1	1	1	1	1	1	1	1
2235	2	0	1	1	1	1	1	1	1	1	1
2236	2	0	.	.	.	.	.	.	.	.	.
2239	2	0	1	0	0	0	0	0	0	0	1
2243	2	0	1	1	1	0	1	1	1	1	1
2244	2	0	0	0	1	0	1	1	0	1	1
2245	2	0	1	1	1	1	1	1	1	1	0
2246	2	0	.	.	.	.	.	.	.	.	.
2247	2	.	0	0	1	0	0	0	1	0	0
2250	2	1	1	1	1	1	1	1	1	1	1
2254	2	0	0	1	1	1	1	0	0	0	0
2257	2	0	.	.	.	.	.	.	.	.	.
2261	2	0	1	1	1	1	1	1	1	1	1
2265	2	.	0	0	1	1	0	1	0	0	1
2266	2	0	.	.	.	.	.	.	.	.	.
2268	2	0	1	1	1	0	1	1	1	0	1
2272	2	0	0	0	1	0	0	1	1	1	1
2274	2	0	0	0	1	0	1	1	0	1	0
2278	2	0	1	1	1	0	1	1	1	1	1
2279	2	.	1	1	1	0	0	1	1	1	0
2280	2	.	1	0	1	1	1	1	1	1	1
2281	2	0	0	0	0	.	1	1	0	0	0
2286	2	.	1	1	1	1	1	1	1	1	1
2287	2	0	0	0	1	0	0	0	1	1	.
2288	2	0	.	.	.	.	.	.	.	.	.
2292	2	0	0	0	0	0	0	1	1	1	1
2293	2	.	1	1	1	0	1	1	0	1	1
2294	2	0	0	1	1	1	0	1	1	1	1
2295	2	0	.	.	.	.	.	.	.	.	.
2296	2	.	1	1	0	1	0	1	1	1	1
2299	2	0	1	1	1	0	1	1	1	1	1
2301	2	0	1	1	1	1	1	1	1	1	1
2303	2	0	1	1	1	1	1	1	1	1	1
2305	2	1	1	1	1	1	1	1	1	1	1
2306	2	0	1	1	1	0	0	1	1	1	1
2308	2	0	.	.	.	.	.	.	.	.	.
2310	2	0	0	1	1	1	1	1	1	1	1
2311	2	.	.	.	.	.	.	.	.	.	.
2312	2	0	0	1	1	.	1	0	1	0	0
2313	2	0	1	1	1	1	1	1	0	1	1
2316	2	0	1	1	0	.	1	1	1	1	1
2317	2	0	1	1	1	1	1	0	1	1	1
2318	2	.	.	.	.	.	.	.	.	.	.
2319	2	0	.	.	.	.	.	.	.	.	.
2321	2	0	1	0	0	0	1	0	0	1	0
2322	2	0	0	1	1	1	1	1	0	1	1
2323	2	0	1	1	1	0	0	0	0	1	0
2325	2	0	1	1	1	1	1	1	1	1	1
2326	2	0	1	1	1	1	1	1	1	1	1
2329	2	0	1	0	1	1	0	0	1	1	1
2330	2	.	1	0	0	0	0	1	1	1	1
2332	2	0	0	0	0	0	0	0	0	0	0
2333	2	0	1	1	1	0	0	1	0	1	1
2335	2	0	1	1	1	1	1	1	1	1	1
2337	2	0	0	0	0	1	0	0	0	0	0
2338	2	0	1	1	1	0	0	1	1	0	1
2339	2	0	1	0	0	1	1	0	0	1	1
2340	2	.	0	0	0	0	0	1	0	1	1
2341	2	0	0	1	1	0	0	0	1	0	1
2345	2	0	0	0	1	0	1	0	0	0	1
2348	2	.	0	0	0	1	1	0	0	0	0
2350	2	0	1	1	1	0	1	0	0	0	0
2352	2	0	.	.	.	.	.	.	.	.	.
2356	2	0	0	1	1	1	1	0	0	0	0
2361	2	0	1	1	1	1	1	0	0	1	1
2362	2	0	1	1	1	1	1	1	1	1	1
2363	2	0	1	1	1	1	1	1	1	1	1
2365	2	0	1	1	1	1	1	1	1	1	1
2370	2	0	.	0	0	0	1	0	0	0	0
2376	2	.	1	1	1	1	1	1	0	1	0
2379	2	0	1	1	0	1	1	1	1	1	1
2381	2	0	1	1	1	1	1	1	1	1	1
2382	2	.	0	0	0	1	0	0	1	1	0
2384	2	0	1	1	1	1	1	1	0	1	1
2386	2	0	.	.	.	.	.	.	.	.	.
2387	2	0	.	.	.	.	.	.	.	.	.
2388	2	0	1	1	1	1	1	1	0	1	1
2390	2	0	1	0	1	1	1	1	1	1	1
2391	2	0	1	1	1	1	0	1	0	1	1
2394	2	0	0	0	1	0	1	1	0	1	1
2396	2	0	0	0	1	0	1	0	0	1	1
2400	2	0	0	0	1	0	1	0	0	0	0
2401	2	0	1	1	1	1	1	1	0	1	1
2403	2	0	1	1	1	0	1	1	0	0	1
2404	2	.	0	1	1	1	1	1	1	1	1
2405	2	.	1	1	1	1	1	1	1	1	1
2407	2	0	1	1	1	1	1	1	0	1	1
2411	2	.	1	1	1	0	1	1	1	1	1
2412	2	.	1	1	1	1	0	1	1	1	0
2414	2	0	1	1	0	0	1	0	1	0	0
2417	2	0	1	1	1	1	1	1	0	1	1
2418	2	0	.	.	.	.	.	.	.	.	.
2419	2	0	0	1	.	0	1	0	0	0	0
2420	2	.	1	1	0	0	0	1	0	0	1
2422	2	.	.	.	.	.	.	.	.	.	.
2424	2	0	1	1	1	1	1	1	1	1	1
2426	2	0	0	0	1	1	1	1	1	1	1
2427	2	.	1	1	1	1	1	0	0	0	0
2429	2	0	1	1	1	0	0	1	1	1	0
2434	2	0	1	1	1	1	1	0	1	0	0
2435	2	0	0	0	0	0	0	0	0	0	0
2436	2	0	1	1	1	0	0	1	1	1	1
2437	2	0	1	1	1	0	1	1	1	1	1
2438	2	0	1	1	1	0	0	0	1	1	0
2439	2	0	1	1	1	1	1	0	0	1	0
2441	2	0	.	.	.	.	.	.	.	.	.
2443	2	0	0	1	1	1	1	1	1	1	1
2444	2	.	.	.	.	.	.	.	.	.	.
2446	2	0	0	0	1	0	0	1	1	1	1
2447	2	.	0	0	1	1	1	1	1	1	1
2450	2	0	0	1	1	.	1	1	1	1	1
2452	2	.	1	1	1	1	1	1	.	1	1
2453	2	0	0	0	1	0	0	1	1	1	0
2457	2	0	0	0	0	0	0	0	0	0	0
2458	2	.	0	0	0	1	0	0	0	1	0
2459	2	.	.	.	.	.	.	.	.	.	.
2460	2	.	0	0	1	0	0	1	1	0	1
2463	2	.	1	1	0	1	0	1	1	0	1
2464	2	.	0	0	0	1	1	0	1	1	1
2465	2	.	1	1	1	0	0	1	1	.	0
2466	2	0	1	1	0	0	0	1	1	1	1
2467	2	0	0	1	1	1	1	1	1	1	1
2469	2	0	1	1	1	1	1	.	0	1	1
2471	2	0	1	1	1	0	1	0	1	1	0
2474	2	0	1	1	1	1	1	0	0	1	1
2476	2	0	1	0	.	1	1	1	1	1	1
2482	2	0	0	0	0	0	0	1	1	1	0
2485	2	0	1	1	1	0	0	1	1	1	1
2487	2	0	0	0	0	0	0	0	0	0	0
2488	2	0	0	0	1	1	1	1	0	0	0
2489	2	0	.	.	.	.	.	.	.	.	.
2490	2	.	.	.	.	.	.	.	.	.	.
2494	2	0	.	.	.	.	.	.	.	.	.
2495	2	.	1	1	1	1	1	0	0	0	0
2498	2	0	0	1	1	1	1	1	0	1	1
2500	2	0	1	1	1	1	1	1	0	1	0
2501	2	0	1	1	1	1	1	1	1	1	1
2502	2	1	0	1	1	0	0	1	1	1	1
2508	2	0	1	1	1	0	0	0	0	1	1
2510	2	0	1	1	1	1	1	1	1	1	1
2511	2	0	1	1	1	0	0	1	1	1	1
2514	2	0	1	1	1	0	0	1	1	1	1
2522	2	0	.	.	.	.	.	.	.	.	.
2524	2	0	1	1	1	1	1	1	1	1	1
2525	2	0	1	1	1	0	1	1	1	1	1
2527	2	0	1	0	1	0	0	1	1	1	1
2528	2	0	1	1	1	1	0	1	1	1	1
2531	2	0	1	0	1	1	1	1	0	1	1
2534	2	0	1	1	1	0	1	1	1	1	1
2535	2	0	1	0	1	0	1	1	1	1	1
2539	2	0	1	1	1	0	1	1	1	1	1
2540	2	0	1	1	0	.	1	0	1	1	1
2542	2	0	0	1	1	1	1	1	0	1	0
2543	2	.	1	1	1	0	.	1	.	.	0
2544	2	0	.	.	.	.	.	.	.	.	.
2545	2	0	1	1	1	.	0	1	1	1	1
2547	2	0	0	1	0	0	0	0	0	1	0
2548	2	0	1	1	1	1	0	1	0	0	0
2552	2	0	1	0	1	1	1	1	0	1	1
2553	2	.	.	.	.	.	.	.	.	.	.
2554	2	0	0	1	1	1	1	0	1	0	0
2555	2	0	.	.	.	.	.	.	.	.	.
2556	2	0	0	1	1	0	0	1	1	1	.
2558	2	0	1	1	1	0	1	1	0	1	1
2559	2	1	1	1	1	1	0	1	1	1	1
2561	2	0	1	0	1	1	1	1	1	1	1
2563	2	0	1	0	1	1	1	1	0	1	0
2564	2	.	1	1	1	0	1	1	1	1	1
2566	2	0	0	0	0	0	1	1	0	1	1
2568	2	0	1	1	1	1	1	1	1	1	1
2569	2	.	0	0	0	1	1	0	0	0	0
2573	2	0	0	1	1	1	1	1	1	1	1
2575	2	0	1	0	0	0	0	1	1	0	0
2576	2	0	1	1	1	0	1	1	0	1	1
2577	2	.	.	.	.	.	.	.	.	.	.
2578	2	0	.	.	.	.	.	.	.	.	.
2580	2	0	1	1	1	0	0	1	0	1	1
2581	2	.	.	.	.	.	.	.	.	.	.
2583	2	0	1	1	1	1	1	1	1	1	0
2584	2	0	1	1	1	1	1	1	1	1	1
2586	2	0	1	1	1	1	1	1	0	1	1
2590	2	0	1	1	1	0	0	0	1	1	1
2593	2	0	0	0	1	1	1	1	1	0	1
2596	2	0	.	.	.	.	.	.	.	.	.
2597	2	0	1	0	0	0	0	1	0	0	0
2598	2	0	1	1	1	1	1	1	1	1	1
2599	2	0	1	1	1	1	1	1	1	1	1
2601	2	.	.	.	.	.	.	.	.	.	.
2604	2	0	1	1	1	0	1	1	1	1	1
2605	2	.	1	1	1	1	1	.	1	1	1
2606	2	0	0	1	0	0	0	0	0	0	0
2609	2	.	1	1	1	1	0	1	1	1	1
2610	2	.	1	1	1	1	1	1	0	0	0
2614	2	.	1	1	0	1	1	1	1	1	1
2616	2	.	1	0	0	0	0	1	1	0	0
2617	2	0	0	1	1	0	0	1	1	0	0
2618	2	0	1	1	1	1	1	1	1	1	1
2619	2	0	0	0	1	0	0	1	0	1	1
2620	2	0	0	0	0	0	0	1	0	1	1
2621	2	0	0	1	1	0	1	1	0	0	0
2622	2	0	0	0	0	0	0	1	1	1	1
2623	2	0	0	0	0	0	0	.	1	1	0
2625	2	0	0	1	1	0	1	1	0	1	1
2626	2	0	.	.	.	.	.	.	.	.	.
2627	2	0	1	0	1	0	0	1	1	1	1
2628	2	.	1	0	1	1	1	0	1	1	1
2630	2	.	1	1	0	1	1	1	0	1	1
2632	2	0	1	1	0	0	1	1	1	1	1
2634	2	.	1	1	1	1	1	0	0	1	1
2635	2	0	1	1	1	1	1	1	1	1	1
2636	2	0	0	0	0	1	0	1	1	1	1
2637	2	0	1	1	1	1	1	1	1	1	0
2638	2	0	1	1	1	1	1	1	1	1	0
2641	2	1	1	1	1	1	1	0	0	0	0
2642	2	0	1	1	1	1	1	0	0	1	1
2643	2	0	.	.	.	.	.	.	.	.	.
2645	2	0	1	1	0	0	1	1	1	0	0
2647	2	.	0	0	0	0	0	.	0	0	0
2650	2	.	0	0	1	1	1	1	1	1	0
2651	2	0	0	0	0	1	0	1	1	1	0
2652	2	0	1	1	1	1	1	1	1	1	1
2653	2	0	.	.	.	.	.	.	.	.	.
2657	2	0	0	1	1	0	1	0	0	0	1
2658	2	0	1	1	1	0	0	1	1	1	1
2659	2	.	0	0	0	0	0	0	0	0	0
2661	2	.	.	.	.	.	.	.	.	.	.
2662	2	0	0	0	0	1	0	1	1	1	1
2663	2	0	0	1	0	1	0	0	0	0	0
2664	2	0	1	0	0	0	1	0	0	1	1
2665	2	0	.	.	.	.	.	.	.	.	.
2669	2	0	0	0	0	1	1	0	0	0	0
2671	2	.	.	.	.	.	.	.	.	.	.
2672	2	0	1	1	1	1	1	1	0	1	1
2673	2	0	1	1	1	1	1	1	1	0	0
2674	2	0	0	0	1	0	1	1	0	0	1
2676	2	1	0	0	0	0	1	1	1	1	1
2677	2	.	1	1	1	1	0	1	0	1	1
2679	2	0	1	1	1	1	1	1	1	1	1
2680	2	0	1	1	0	1	1	0	0	1	1
2682	2	0	.	.	.	.	.	.	.	.	.
2683	2	0	0	0	0	0	1	0	0	0	0
2687	2	0	1	1	1	1	1	1	0	1	1
2689	2	0	1	1	1	1	0	0	0	1	1
2691	2	0	.	.	.	.	.	.	.	.	.
2692	2	.	1	1	0	1	0	1	1	0	1
2693	2	0	0	1	1	1	1	1	1	0	0
2694	2	0	.	.	.	.	.	.	.	.	.
2695	2	.	1	1	0	1	1	0	1	1	1
2697	2	0	0	1	1	0	1	1	1	1	1
2699	2	0	1	1	1	0	0	1	1	1	1
2701	2	0	1	1	1	0	1	1	1	1	1
2703	2	0	.	.	.	.	.	.	.	.	.
2707	2	.	0	0	0	0	0	0	0	0	0
2708	2	0	0	1	0	1	0	0	0	1	1
2709	2	0	0	0	0	0	0	1	1	0	1
2710	2	.	.	.	.	.	.	.	.	.	.
2716	2	1	1	1	1	.	1	1	1	1	1
2718	2	0	0	0	0	0	1	1	1	1	1
2719	2	0	0	0	1	1	1	1	1	1	0
2720	2	0	1	0	0	1	1	1	0	1	1
2721	2	0	1	1	1	1	1	0	0	1	1
2722	2	0	0	0	0	0	0	0	1	0	0
2723	2	0	1	0	0	0	1	1	1	1	1
2724	2	.	1	1	1	1	1	1	0	1	1
2726	2	.	.	0	1	0	0	1	1	1	0
2729	2	0	1	1	1	1	1	1	1	1	1
2731	2	0	0	0	0	0	0	0	0	1	1
2732	2	.	0	0	0	1	0	1	0	1	0
2734	2	0	.	.	.	.	.	.	.	.	.
2737	2	0	1	0	1	0	1	0	1	0	0
2738	2	0	1	1	1	1	1	1	0	1	1
2740	2	0	1	1	1	0	0	1	1	1	1
2741	2	1	.	.	.	.	.	.	.	.	.
2742	2	0	.	.	.	.	.	.	.	.	.
2746	2	0	0	0	0	1	1	0	0	1	1
2747	2	0	.	.	.	.	.	.	.	.	.
2748	2	0	.	.	.	.	.	.	.	.	.
2750	2	0	1	1	1	0	1	1	0	1	1
2752	2	0	0	0	0	0	0	0	0	0	0
2755	2	0	1	1	1	1	1	1	0	1	1
2757	2	.	1	0	1	1	1	1	1	1	1
2759	2	0	0	0	0	1	1	1	1	1	0
2761	2	0	1	1	1	1	1	1	1	1	0
2763	2	0	1	1	1	1	1	1	1	1	1
2765	2	0	0	0	0	0	0	1	1	0	0
2766	2	0	1	1	1	0	1	1	1	1	1
2768	2	.	.	.	.	.	.	.	.	.	.
2773	2	0	1	1	1	1	1	1	1	0	0
2775	2	.	1	1	1	.	1	1	1	1	1
2776	2	.	0	1	0	0	0	0	0	0	0
2779	2	0	.	.	.	.	.	.	.	.	.
2783	2	0	0	0	0	0	0	0	1	1	1
2784	2	.	.	.	.	.	.	.	.	.	.
2788	2	0	1	1	1	1	1	1	1	1	1
2792	2	0	1	1	1	0	1	0	1	1	1
2793	2	0	1	1	1	1	1	1	1	1	1
2795	2	0	0	1	1	0	1	1	1	0	1
2797	2	0	0	1	0	1	0	0	1	1	1
2798	2	0	0	0	0	0	1	1	1	1	1
2799	2	.	1	1	1	0	1	0	0	1	1
2800	2	0	1	1	1	1	1	1	1	1	1
2804	2	0	.	0	0	1	1	0	1	0	1
2806	2	0	0	0	0	0	0	0	1	0	0
2808	2	.	.	.	.	.	.	.	.	.	.
2810	2	0	1	1	1	1	1	1	1	1	1
2815	2	.	1	0	0	0	0	0	0	0	0
2816	2	.	0	0	0	0	1	0	0	0	1
2818	2	0	1	1	1	0	0	1	1	1	1
2820	2	0	0	0	1	1	1	1	1	1	1
2821	2	.	1	1	1	0	0	1	1	1	1
2822	2	.	1	0	1	1	1	1	0	0	0
2825	2	0	1	1	1	1	1	1	1	1	1
2827	2	0	1	0	.	1	0	1	1	0	0
2830	2	1	1	1	1	1	1	1	1	1	1
2831	2	.	1	1	1	0	1	1	1	1	1
2832	2	0	1	1	1	1	1	1	1	1	1
2833	2	.	1	1	1	0	1	0	0	1	0
2834	2	0	1	0	0	.	1	1	1	1	1
2836	2	0	0	1	1	1	1	1	1	1	1
2839	2	0	0	1	1	1	1	0	1	1	1
2840	2	0	0	0	1	0	1	1	1	1	1
2841	2	.	1	1	1	1	1	1	0	1	0
2842	2	0	0	1	1	1	1	1	0	1	0
2844	2	0	0	1	0	0	0	0	0	0	0
2847	2	.	1	1	0	1	1	1	0	1	0
2848	2	1	1	0	1	0	1	1	1	0	0
2849	2	0	1	1	1	1	0	1	1	1	1
2850	2	.	1	1	1	0	0	0	0	.	1
2851	2	.	0	0	0	1	.	0	1	1	0
2853	2	0	1	1	1	1	1	1	1	1	1
2854	2	.	1	1	1	1	1	1	1	1	1
2858	2	0	1	1	1	0	0	1	1	1	1
2860	2	0	1	1	1	1	1	1	1	1	1
2861	2	0	1	1	1	0	0	1	0	0	0
2862	2	0	0	0	0	0	0	1	1	0	1
2863	2	0	1	1	1	0	0	0	0	0	1
2864	2	0	0	1	1	1	1	1	1	1	1
2866	2	0	1	1	1	1	1	1	1	1	1
2867	2	0	1	1	1	0	1	1	1	1	1
2870	2	0	1	0	1	0	0	1	1	1	1
2872	2	1	1	1	1	1	1	1	1	1	1
2873	2	.	.	.	.	.	.	.	.	.	.
2874	2	0	1	0	1	0	0	1	1	1	1
2878	2	.	1	1	1	1	1	1	1	1	1
2879	2	0	1	1	1	1	1	1	1	1	1
2885	2	0	1	1	1	1	1	1	1	1	1
2886	2	0	0	0	1	0	0	1	0	0	0
2888	2	.	.	.	.	.	.	.	.	.	.
2893	2	.	.	.	.	.	.	.	.	.	.
2894	2	0	0	1	1	0	1	0	0	0	1
2897	2	.	.	.	.	.	.	.	.	.	.
2901	2	0	1	1	1	1	1	1	1	0	0
2903	2	0	1	1	1	1	1	0	1	1	1
2904	2	1	1	1	1	0	1	1	1	1	1
2908	2	.	1	0	0	1	1	1	1	1	1
2909	2	0	1	1	1	0	0	1	1	1	1
2911	2	0	1	1	1	1	1	1	1	0	1
2912	2	.	.	.	.	.	.	.	.	.	.
2913	2	0	0	1	1	0	1	1	0	1	1
2914	2	1	0	1	1	0	0	1	1	1	1
2916	2	.	1	0	1	1	1	0	0	0	0
2918	2	0	1	1	1	0	1	1	1	1	1
2921	2	0	1	0	1	0	1	1	0	0	0
2924	2	1	1	1	1	1	1	1	0	1	1
2926	2	0	1	1	1	1	1	1	1	0	1
2927	2	.	1	1	1	1	1	0	0	1	0
2928	2	0	0	1	1	0	1	1	1	1	1
2931	2	.	0	0	0	0	1	0	0	0	1
2935	2	0	1	1	1	1	1	1	1	0	0
2936	2	1	1	1	1	1	1	1	1	1	1
2937	2	.	.	.	.	.	.	.	.	.	.
2939	2	0	0	1	1	1	1	1	1	1	0
2940	2	0	0	0	1	1	1	1	0	1	1
2941	2	.	1	1	1	0	0	1	1	1	1
2944	2	0	1	1	1	1	1	.	1	1	1
2947	2	0	1	0	1	0	0	1	0	1	1
2953	2	.	0	1	1	1	1	1	0	1	1
2955	2	1	1	1	1	1	1	1	1	1	1
2956	2	0	1	1	0	.	1	1	1	1	1
2957	2	0	1	1	1	0	1	1	1	1	1
2962	2	0	1	1	1	0	1	1	1	1	1
2967	2	0	0	1	0	0	0	0	0	0	0
2969	2	0	1	0	1	0	0	1	1	1	1
2970	2	0	1	0	1	0	0	0	0	1	1
2972	2	0	0	0	0	0	1	1	1	1	1
2975	2	0	1	0	1	0	1	1	0	0	1
2976	2	0	0	0	0	0	0	0	0	0	0
2977	2	1	.	.	.	.	.	.	.	.	.
2978	2	0	1	1	1	1	0	1	0	1	1
2982	2	0	0	0	0	0	1	0	0	1	0
2984	2	.	1	1	1	1	1	0	1	1	1
2985	2	0	1	1	1	1	1	0	1	1	1
2986	2	0	1	1	1	1	1	1	0	1	1
2991	2	0	0	1	1	1	1	0	0	1	0
2999	2	0	0	0	0	1	1	1	0	0	1
3000	2	.	0	1	0	0	.	1	1	0	1
3004	2	0	1	1	1	1	1	1	1	1	1
3007	2	0	1	1	1	1	1	1	.	1	1
3008	2	.	1	1	1	.	1	1	0	1	1
3010	2	0	.	.	.	.	.	.	.	.	.
3012	2	1	1	1	1	1	1	1	1	1	1
3013	2	0	.	.	.	.	.	.	.	.	.
3014	2	.	.	.	.	.	.	.	.	.	.
3015	2	0	1	1	1	0	1	1	1	1	0
3016	2	0	0	0	1	0	0	0	.	1	1
3018	2	0	1	1	1	1	1	1	1	1	1
3021	2	0	0	1	1	1	1	1	1	0	1
3022	2	0	1	1	1	1	1	0	0	1	1
3024	2	0	1	1	1	0	0	1	0	1	0
3026	2	0	0	1	1	1	1	1	1	1	1
3030	2	0	1	1	1	1	1	1	1	1	1
3032	2	.	.	.	.	.	.	.	.	.	.
3033	2	.	1	1	1	1	1	1	1	1	1
3034	2	0	1	1	1	1	1	0	0	1	1
3035	2	0	1	1	1	1	1	1	0	1	1
3037	2	.	0	0	1	0	0	1	1	1	1
3039	2	0	.	.	.	.	.	.	.	.	.
3041	2	.	1	0	1	1	1	0	.	0	0
3043	2	.	1	0	0	1	0	1	1	1	1
3044	2	0	1	1	1	1	1	1	1	1	1
3045	2	1	.	.	.	.	.	.	.	.	.
3046	2	.	1	1	1	0	0	.	0	0	0
3047	2	0	1	1	1	1	1	1	0	1	1
3048	2	0	1	1	1	1	1	0	0	1	0
3051	2	0	1	1	1	1	0	1	0	1	1
3053	2	0	1	1	1	0	0	1	1	1	1
3056	2	0	0	0	0	0	0	1	0	0	0
3059	2	0	1	1	1	1	1	1	1	1	1
3061	2	1	1	1	1	1	1	1	1	1	1
3065	2	0	0	1	1	1	1	1	1	1	1
3068	2	0	1	1	1	0	0	1	0	1	0
3070	2	0	1	1	1	1	1	1	1	1	1
3072	2	0	1	0	1	1	1	1	0	1	1
3073	2	0	0	1	1	1	1	1	1	1	1
3074	2	0	0	0	0	0	0	1	1	1	0
3076	2	0	1	1	1	0	0	0	0	1	1
3077	2	0	0	1	1	1	1	0	0	0	0
3078	2	0	1	1	1	0	0	1	1	1	1
3080	2	0	1	1	1	1	1	0	0	1	1
3083	2	.	1	1	1	1	0	1	1	1	1
3085	2	0	1	1	1	1	1	1	0	1	0
3090	2	0	1	1	1	1	1	1	1	0	0
3092	2	0	0	0	1	1	1	1	0	0	1
3093	2	0	0	1	1	1	1	1	1	1	1
3094	2	0	1	1	1	1	1	1	0	1	0
3095	2	0	0	1	0	1	1	1	0	1	1
3097	2	1	1	1	1	1	1	1	1	1	1
3098	2	0	1	1	0	1	1	0	1	1	0
3099	2	.	1	1	1	1	1	1	1	1	1
3102	2	0	1	1	0	1	1	1	0	1	1
3104	2	.	1	1	1	1	1	1	1	1	1
3105	2	.	0	0	0	0	0	0	0	0	0
3106	2	.	1	0	1	1	1	0	1	1	1
3107	2	.	1	1	1	0	0	.	1	1	0
3108	2	0	1	1	1	1	1	1	1	1	1
3110	2	0	1	0	0	0	0	1	1	1	0
3111	2	0	0	1	0	1	0	1	1	1	0
3114	2	.	1	1	1	1	1	0	1	1	0
3118	2	0	0	0	0	1	1	0	0	0	0
3120	2	0	1	1	1	0	0	1	1	1	1
3121	2	0	1	1	0	1	1	1	1	1	1
3122	2	0	0	0	0	1	1	1	0	1	1
3124	2	0	1	1	1	1	1	1	1	1	1
3125	2	0	.	.	.	.	.	.	.	.	.
3127	2	.	0	0	0	0	1	1	1	1	.
3129	2	1	1	1	1	1	1	1	1	1	1
3130	2	.	1	1	1	1	1	1	0	1	1
3131	2	0	1	1	1	0	1	1	1	1	1
3133	2	0	0	0	0	1	1	1	1	1	1
3134	2	0	0	0	1	0	0	1	1	1	1
3135	2	0	0	0	0	0	0	1	1	1	1
3137	2	0	0	1	0	0	1	0	0	0	0
3138	2	0	1	1	1	0	1	0	1	0	0
3147	2	.	0	1	1	1	1	0	1	1	1
3149	2	0	0	0	0	.	0	1	1	1	1
3151	2	0	0	0	0	0	0	0	0	0	0
3154	2	0	1	1	1	1	1	1	1	1	1
3161	2	1	0	1	1	0	1	1	1	1	1
3163	2	.	.	.	.	.	.	.	.	.	.
3165	2	.	0	0	0	1	1	0	0	0	0
3166	2	.	1	1	1	0	0	1	0	0	0
3167	2	0	1	0	0	1	1	0	1	1	1
3169	2	0	0	1	1	1	1	1	1	1	1
3171	2	0	1	1	1	1	1	1	0	1	1
3173	2	0	1	1	1	1	0	1	0	1	1
3174	2	.	1	1	1	1	1	1	0	1	0
3176	2	0	1	1	1	1	1	0	.	1	1
3179	2	0	1	1	1	0	1	1	1	1	1
3183	2	0	1	1	1	1	1	1	1	1	1
3184	2	0	0	0	0	0	0	1	1	1	0
3185	2	0	1	1	1	0	0	1	1	1	1
3186	2	0	0	1	1	1	1	1	1	0	1
3187	2	0	0	0	0	0	1	0	1	1	1
3189	2	.	0	0	0	0	1	1	1	1	0
3194	2	0	0	1	1	1	0	0	1	1	1
3199	2	0	1	1	1	1	1	0	0	0	1
3202	2	0	0	1	1	0	1	1	0	1	1
3203	2	0	0	0	0	0	1	0	0	1	0
3204	2	.	1	1	1	1	1	1	1	1	1
3205	2	0	.	.	.	.	.	.	.	.	.
3206	2	0	1	1	1	1	1	1	1	1	1
3207	2	0	1	1	1	1	1	1	1	1	1
3208	2	1	1	1	1	0	1	0	1	1	0
3209	2	.	0	0	1	1	1	1	1	1	1
3211	2	0	1	0	1	0	1	1	1	1	1
3212	2	0	1	1	1	0	1	1	1	1	1
3213	2	0	1	1	1	0	0	1	1	1	1
3214	2	0	0	0	1	0	1	0	0	1	0
3216	2	0	0	0	0	1	1	0	0	.	1
3217	2	0	.	.	.	.	.	.	.	.	.
3218	2	0	0	0	1	1	1	1	1	0	0
3219	2	0	1	1	1	1	1	0	1	1	1
3223	2	.	0	1	1	1	1	1	1	1	1
3229	2	0	0	0	1	0	0	1	1	1	0
3230	2	0	.	.	.	.	.	.	.	.	.
3231	2	.	0	1	1	1	1	1	.	1	1
3232	2	0	1	1	1	0	0	1	1	1	1
3233	2	.	1	1	1	0	1	1	0	0	1
3234	2	.	0	0	0	0	0	0	0	0	0
3235	2	0	1	1	0	1	1	1	1	1	1
3236	2	.	1	0	0	0	1	1	0	1	0
3237	2	0	0	1	1	1	1	0	1	1	1
3238	2	0	1	1	1	1	1	1	1	1	1
3240	2	.	1	1	1	1	1	0	0	0	0
3241	2	0	0	0	.	0	0	1	0	0	0
3242	2	.	.	.	.	.	.	.	.	.	.
3243	2	0	0	0	1	0	1	0	0	1	0
3244	2	0	1	0	1	1	1	1	1	1	1
3245	2	.	1	1	1	0	0	1	1	1	1
3250	2	0	1	1	1	1	1	1	1	1	1
3251	2	0	0	1	1	1	1	1	1	1	1
3252	2	0	.	.	.	.	.	.	.	.	.
3253	2	.	1	1	1	1	0	1	0	1	0
3255	2	0	1	1	1	1	1	1	1	1	1
3256	2	0	1	1	1	1	1	0	0	0	0
3257	2	0	1	1	1	.	1	1	1	1	1
3259	2	0	.	.	.	.	.	.	.	.	.
3263	2	.	0	0	1	0	0	0	1	1	1
3265	2	.	0	0	0	0	0	0	0	0	1
3268	2	1	1	1	1	1	1	1	1	0	0
3271	2	.	1	1	1	1	.	0	0	0	0
3272	2	.	1	1	1	0	0	1	1	1	1
3273	2	0	1	1	0	0	0	1	1	1	1
3274	2	0	0	0	1	0	1	0	0	0	0
3275	2	.	1	1	1	1	1	1	1	1	1
3276	2	0	0	0	0	1	1	0	0	1	0
3280	2	1	1	1	1	1	1	1	1	1	1
3281	2	.	0	0	1	1	1	0	1	0	0
3282	2	0	0	0	1	1	1	1	1	1	0
3283	2	0	1	1	.	1	0	0	1	1	0
3284	2	0	1	1	0	1	0	1	1	0	0
3285	2	0	.	.	.	.	.	.	.	.	.
3286	2	.	0	1	1	1	1	0	0	0	0
3291	2	.	1	1	1	0	0	1	1	1	1
3293	2	0	1	0	0	1	1	1	0	1	1
3295	2	.	1	1	0	0	0	0	0	0	0
3296	2	1	1	1	1	1	1	1	0	1	0
3297	2	.	0	0	1	1	1	1	1	1	1
3299	2	0	0	1	0	1	0	1	0	0	1
3301	2	0	0	0	0	0	0	0	0	0	0
3302	2	0	1	1	1	0	0	1	1	0	1
3303	2	0	1	1	0	0	0	0	0	1	0
3305	2	0	1	1	1	0	1	1	1	1	1
3306	2	0	1	0	1	1	1	1	0	1	1
3307	2	0	0	0	0	0	0	0	0	0	0
3308	2	0	1	1	0	0	0	0	0	1	0
3309	2	.	1	1	1	0	1	1	1	1	1
3311	2	0	1	1	1	1	1	1	1	1	1
3314	2	.	1	1	.	0	0	1	.	.	.
3315	2	0	1	1	1	.	0	1	0	1	1
3317	2	0	1	1	1	1	1	1	1	1	1
3322	2	0	1	1	1	1	1	1	1	1	1
3323	2	0	1	0	1	0	1	1	1	1	0
3324	2	0	1	1	1	0	0	1	1	1	1
3327	2	.	1	1	1	1	1	1	1	1	1
3329	2	.	1	1	1	1	1	1	1	1	1
3330	2	0	1	1	1	0	0	0	1	1	0
3333	2	0	0	0	0	0	0	0	0	0	0
3334	2	1	1	1	1	1	1	1	1	1	1
3336	2	0	1	0	1	0	1	1	1	1	0
3338	2	0	0	1	0	0	0	0	0	0	0
3339	2	0	.	.	.	.	.	.	.	.	.
3341	2	0	1	1	1	1	0	1	1	1	1
3342	2	1	.	.	.	.	.	.	.	.	.
3343	2	.	0	1	1	1	1	1	1	1	1
3344	2	.	1	1	1	1	1	0	0	0	1
3345	2	.	0	0	0	1	1	0	0	0	0
3350	2	.	1	1	1	0	1	1	1	1	1
3354	2	.	0	0	1	0	0	1	1	1	0
3355	2	.	1	1	1	1	1	0	1	1	0
3361	2	.	.	.	.	.	.	.	.	.	.
3362	2	.	1	1	1	0	0	0	0	0	1
3363	2	0	0	0	0	1	1	1	0	0	1
3365	2	0	0	0	0	1	0	1	0	1	1
3366	2	0	1	1	1	1	1	1	1	1	1
3368	2	0	1	1	1	1	1	1	1	1	0
3375	2	.	.	.	.	.	.	.	.	.	.
3377	2	0	1	1	1	1	1	1	1	1	1
3378	2	0	1	1	1	0	1	1	1	1	0
3384	2	0	0	0	1	1	1	0	0	1	0
3387	2	0	0	1	0	1	1	0	0	0	0
3388	2	0	0	0	1	1	1	1	.	1	1
3389	2	0	1	1	1	1	1	1	0	1	1
3390	2	.	.	.	.	.	.	.	.	.	.
3395	2	.	0	0	0	1	1	1	0	0	1
3397	2	0	0	0	0	0	0	0	0	0	0
3398	2	0	.	.	.	.	.	.	.	.	.
3401	2	0	0	0	0	0	1	0	0	0	0
3402	2	0	1	1	1	1	1	0	0	0	0
3409	2	0	1	1	1	0	0	1	1	1	1
3410	2	0	1	0	1	1	1	0	1	1	1
3412	2	0	1	1	1	1	1	0	1	1	0
3416	2	.	.	.	.	.	.	.	.	.	.
3417	2	0	.	.	.	.	.	.	.	.	.
3419	2	.	.	.	.	.	.	.	.	.	.
3420	2	0	1	1	1	1	1	1	1	1	1
3421	2	.	0	0	0	0	0	1	1	.	1
3424	2	.	1	1	1	0	0	0	0	1	0
3426	2	0	1	1	1	1	1	1	1	1	1
3429	2	0	0	0	1	0	.	0	1	1	1
3433	2	0	.	1	1	1	1	1	1	1	1
3434	2	0	1	1	1	1	1	1	1	1	1
3436	2	.	1	1	0	1	1	0	1	1	0
3440	2	0	.	.	.	.	.	.	.	.	.
3442	2	0	1	1	1	1	1	1	1	.	1
3445	2	1	0	1	0	1	1	0	1	1	0
3449	2	.	0	0	1	0	0	1	1	.	.
3451	2	.	1	1	1	0	0	1	1	1	1
3452	2	.	0	0	1	1	1	0	0	0	0
3453	2	0	0	0	0	0	0	0	0	1	1
3454	2	0	.	.	.	.	.	.	.	.	.
3455	2	.	.	1	1	1	1	1	1	1	1
3456	2	0	.	.	.	.	.	.	.	.	.
3457	2	0	0	0	1	1	1	1	1	0	0
3458	2	0	0	0	0	0	0	0	0	0	0
3460	2	0	1	1	1	1	1	1	1	1	1
3462	2	0	.	.	.	.	.	.	.	.	.
3463	2	.	1	1	1	1	1	1	1	1	1
3466	2	.	0	0	0	1	1	0	0	0	0
3470	2	0	1	1	1	1	1	1	1	1	1
3475	2	0	1	1	1	1	1	1	1	1	0
3476	2	.	1	1	1	.	0	1	1	1	.
3477	2	0	0	1	0	1	1	0	0	0	0
3479	2	0	1	1	1	1	1	1	1	1	1
3480	2	0	1	1	1	1	1	1	1	1	1
3481	2	0	1	1	1	1	1	1	1	1	1
3482	2	0	.	.	.	.	.	.	.	.	.
3483	2	0	1	1	1	1	1	1	0	0	.
3484	2	0	0	0	0	1	0	1	1	1	1
3487	2	0	0	0	1	1	1	1	0	1	1
3488	2	1	0	1	0	0	1	1	0	1	1
3489	2	0	1	1	1	1	1	1	1	1	1
3493	2	0	0	1	1	0	1	1	1	1	1
3494	2	0	1	1	1	0	0	0	1	1	1
3496	2	0	0	0	1	1	1	0	0	1	1
3497	2	.	1	0	1	1	1	1	1	1	1
3499	2	.	.	.	.	.	.	.	.	.	.
3500	2	0	1	0	1	0	1	1	1	1	0
3508	2	0	0	0	0	1	0	0	0	0	0
3510	2	0	.	.	.	.	.	.	.	.	.
3511	2	0	1	1	1	1	1	1	1	1	1
3513	2	1	1	1	1	1	1	1	1	1	1
3515	2	0	0	0	0	1	0	0	0	1	1
3520	2	.	.	.	.	.	.	.	.	.	.
3522	2	.	1	0	0	1	0	1	1	1	1
3524	2	.	1	1	1	0	0	1	1	1	1
3527	2	.	0	1	1	1	1	1	1	1	1
3530	2	.	0	1	0	1	0	1	0	1	1
3532	2	0	1	1	1	1	1	1	1	1	1
3534	2	0	1	1	1	1	1	1	1	1	1
3537	2	.	1	1	1	1	1	1	1	1	1
3538	2	.	1	1	1	1	1	1	0	.	0
3539	2	0	1	1	1	1	1	1	1	1	1
3541	2	0	1	1	.	0	1	1	.	0	1
3543	2	.	1	0	1	0	1	0	1	1	1
3545	2	1	0	1	1	1	1	0	0	1	1
3547	2	0	0	1	1	0	0	.	0	0	0
3548	2	0	1	1	1	1	0	0	1	1	1
3549	2	0	1	1	1	1	1	1	1	1	1
3550	2	.	.	.	.	.	.	.	.	.	.
3551	2	0	1	1	1	1	1	1	1	1	1
3553	2	0	1	1	1	0	0	1	1	1	1
3555	2	0	0	0	0	1	1	0	0	0	0
3556	2	0	0	1	1	1	1	1	1	0	1
3559	2	0	1	1	1	1	1	0	0	0	1
3561	2	.	1	1	1	1	1	1	1	1	1
3562	2	0	.	.	.	.	.	.	.	.	.
3563	2	1	1	1	1	1	1	1	0	1	1
3564	2	0	1	1	0	0	0	1	1	1	1
3569	2	0	0	1	1	1	1	1	1	1	1
3570	2	1	1	1	1	0	1	0	0	0	0
3571	2	.	1	1	1	0	0	1	1	1	1
3572	2	0	0	0	0	1	0	1	1	1	1
3576	2	0	0	0	0	1	0	1	1	1	1
3577	2	0	.	.	.	.	.	.	.	.	.
3579	2	1	1	1	1	1	1	1	1	1	1
3581	2	.	1	1	0	0	0	0	0	0	0
3583	2	0	1	1	1	0	1	1	1	1	1
3584	2	0	1	1	1	1	1	1	1	1	1
3585	2	.	.	.	.	.	.	.	.	.	.
3587	2	0	1	1	1	1	0	1	1	1	1
3589	2	0	.	.	.	.	.	.	.	.	.
3590	2	.	0	1	1	0	0	1	0	1	1
3591	2	0	0	1	1	1	1	1	1	1	1
3592	2	0	1	1	1	1	1	1	1	1	1
3593	2	0	1	1	1	1	1	0	0	0	0
3594	2	0	0	0	0	1	1	0	0	0	0
3595	2	0	.	.	.	.	.	.	.	.	.
3597	2	.	1	1	0	1	1	0	0	0	0
3599	2	.	1	0	1	0	.	1	1	1	1
3601	2	0	1	1	1	1	1	0	0	1	1
3604	2	0	1	1	1	1	1	1	1	1	1
3607	2	.	0	1	1	1	1	0	0	0	0
3608	2	0	1	1	1	1	1	0	0	1	1
3610	2	0	1	1	1	1	1	1	.	1	1
3613	2	0	1	1	1	1	1	1	1	1	1
3614	2	0	0	1	0	1	1	1	1	1	1
3616	2	.	.	.	.	.	.	.	.	.	.
3618	2	0	.	.	.	.	.	.	.	.	.
3620	2	.	1	1	1	0	1	1	1	1	1
3622	2	.	.	.	.	.	.	.	.	.	.
3624	2	.	1	1	1	1	1	1	0	1	1
3626	2	.	0	1	1	0	0	0	0	0	0
3630	2	.	1	1	1	0	1	1	1	1	1
3632	2	0	1	1	0	1	1	1	1	1	1
3636	2	0	1	1	1	0	0	1	1	.	1
3637	2	0	1	1	1	1	1	0	1	1	0
3643	2	0	0	1	0	1	1	1	1	0	1
3644	2	0	0	1	1	1	0	1	1	1	0
3646	2	0	0	0	0	1	1	0	0	0	1
3647	2	0	0	0	0	0	0	0	0	0	0
3648	2	.	1	1	0	0	.	1	.	1	0
3652	2	0	0	0	1	0	0	0	0	1	0
3656	2	0	0	0	1	1	0	0	0	1	1
3660	2	.	1	0	1	1	1	1	1	1	1
3661	2	0	.	.	.	.	.	.	.	.	.
3663	2	0	0	1	1	1	1	0	0	1	1
3666	2	0	1	1	1	1	1	1	1	1	1
3667	2	0	1	1	1	0	0	1	1	0	1
3668	2	.	.	.	.	.	.	.	.	.	.
3671	2	0	1	1	1	0	0	1	0	.	1
3674	2	0	1	1	1	0	1	1	1	1	1
3678	2	0	0	0	0	0	1	0	0	0	0
3679	2	.	.	.	.	.	.	.	.	.	.
3681	2	0	1	1	1	0	1	1	1	1	0
3682	2	.	1	1	1	1	1	1	1	0	1
3683	2	0	1	1	1	1	1	1	1	1	1
3684	2	0	1	1	1	1	1	0	0	1	1
3687	2	0	1	1	0	1	1	1	1	1	1
3690	2	.	1	1	0	0	1	0	0	1	1
3694	2	.	0	0	0	0	0	0	0	0	1
3695	2	.	0	0	1	0	0	0	0	1	0
3696	2	0	1	1	1	1	1	1	1	1	1
3697	2	0	1	1	1	0	1	0	1	1	1
3700	2	0	1	1	0	1	1	1	1	1	1
3703	2	0	1	1	0	1	1	0	0	0	0
3706	2	1	0	1	0	0	1	0	1	1	0
3710	2	0	.	.	.	.	.	.	.	.	.
3712	2	.	1	1	1	1	0	1	1	1	1
3716	2	.	0	1	1	0	0	1	1	1	1
3717	2	.	1	1	1	1	0	0	0	0	0
3719	2	0	.	.	.	.	.	.	.	.	.
3720	2	.	1	1	1	1	1	1	1	1	0
3721	2	0	0	0	1	1	1	1	1	1	0
3727	2	.	.	.	.	.	.	.	.	.	.
3729	2	.	.	.	.	.	.	.	.	.	.
3730	2	0	1	1	1	1	1	1	1	1	1
3732	2	.	1	1	1	0	1	1	1	1	1
3735	2	.	1	1	1	1	1	0	0	0	0
3737	2	0	1	1	1	1	1	1	1	1	1
3740	2	0	.	.	.	.	.	.	.	.	.
3741	2	0	0	1	0	1	0	0	1	1	0
3742	2	0	1	0	0	0	1	1	1	1	1
3743	2	0	1	1	1	1	1	1	1	0	1
3746	2	.	0	0	1	1	1	0	1	.	1
3747	2	0	1	1	1	0	1	1	1	1	1
3748	2	0	0	1	1	1	0	0	1	0	0
3749	2	0	0	1	1	1	1	1	0	1	1
3750	2	0	1	1	1	1	1	1	1	1	1
3751	2	0	1	1	1	1	1	1	1	1	1
3752	2	1	1	1	1	1	1	.	0	0	1
3753	2	0	.	.	.	.	.	.	.	.	.
3755	2	0	1	0	0	1	1	1	1	1	1
3756	2	.	0	0	0	1	1	0	0	0	1
3757	2	0	1	1	1	1	1	1	1	1	1
3759	2	0	0	1	1	1	0	0	0	0	0
3762	2	.	1	1	1	0	1	0	1	1	1
3763	2	0	1	0	1	0	0	0	1	1	1
3764	2	0	0	0	0	1	1	1	0	1	1
3765	2	0	1	1	1	1	1	1	1	1	0
3766	2	0	0	1	0	1	1	1	1	1	.
3767	2	0	0	0	0	0	1	0	0	0	0
3768	2	.	.	.	.	.	.	.	.	.	.
3769	2	0	0	0	1	1	1	0	0	0	0
3770	2	0	0	0	1	0	1	0	0	0	0
3772	2	0	0	0	0	0	1	0	1	1	0
3774	2	0	0	0	1	0	0	1	0	1	1
3775	2	0	1	0	0	0	0	0	0	0	0
3776	2	1	1	1	1	1	1	1	1	1	1
3777	2	.	0	0	1	0	1	1	0	1	1
3779	2	0	1	1	0	1	0	1	1	1	1
3781	2	1	1	1	1	1	1	1	1	1	1
3782	2	.	1	1	1	1	1	1	1	1	1
3784	2	0	0	1	1	0	0	1	0	1	0
3785	2	1	1	1	1	0	1	1	1	1	1
3789	2	0	1	1	1	1	1	1	1	1	1
3792	2	0	0	1	1	1	1	0	0	0	0
3793	2	.	1	0	0	0	0	1	0	0	0
3794	2	1	0	1	1	1	1	0	0	1	0
3796	2	0	1	1	1	0	1	0	0	0	0
3800	2	0	1	1	1	0	1	0	1	1	1
3801	2	0	1	1	1	1	1	1	1	1	1
3802	2	0	1	1	1	1	1	1	1	1	1
3803	2	0	1	1	1	1	1	1	1	1	1
3804	2	.	1	1	1	0	1	1	1	1	1
3805	2	0	.	.	.	.	.	.	.	.	.
3806	2	.	.	.	.	.	.	.	.	.	.
3810	2	0	1	1	1	1	1	1	1	1	1
3812	2	.	0	0	0	0	0	0	0	0	0
3813	2	0	1	1	1	1	1	0	1	1	1
3814	2	0	.	.	.	.	.	.	.	.	.
3815	2	0	0	0	0	0	1	1	0	0	1
3816	2	0	0	1	0	0	1	0	1	0	1
3819	2	0	0	0	1	1	1	1	1	1	1
3820	2	0	0	0	0	0	1	0	0	1	1
3821	2	0	1	0	1	1	0	1	1	1	1
3822	2	.	1	1	1	1	0	1	1	1	1
3823	2	.	1	1	1	1	1	1	1	1	1
3825	2	.	1	1	.	0	0	1	1	1	1
3827	2	.	1	1	1	0	0	1	1	1	1
3829	2	.	1	1	1	1	1	0	0	1	1
3830	2	0	1	1	1	0	1	1	1	1	1
3831	2	.	1	1	1	0	0	1	1	1	1
3832	2	0	1	1	1	1	1	1	1	1	1
3834	2	0	0	1	0	0	0	1	1	0	1
3836	2	.	1	1	1	1	1	1	1	1	1
3837	2	.	.	.	.	.	.	.	.	.	.
3839	2	0	1	1	1	1	1	.	0	0	1
3843	2	0	0	1	1	1	1	0	1	0	0
3844	2	0	1	1	1	1	1	0	1	0	0
3847	2	0	1	1	1	1	1	1	0	1	1
3849	2	0	1	1	0	0	0	1	1	1	1
3850	2	.	0	0	1	0	0	0	0	1	0
3852	2	0	1	1	1	1	1	1	1	1	1
3853	2	0	0	0	1	1	1	0	1	1	0
3855	2	.	0	0	1	0	0	1	1	1	1
3860	2	0	1	0	1	0	1	0	0	1	1
3862	2	0	0	1	1	1	1	1	1	1	1
3869	2	0	1	0	1	0	1	1	0	0	0
3871	2	0	0	0	1	0	1	1	0	1	0
3874	2	0	.	.	.	.	.	.	.	.	.
3876	2	1	1	1	1	1	1	1	1	1	1
3880	2	0	1	1	1	1	1	1	1	1	1
3882	2	0	1	1	1	1	1	1	0	1	1
3885	2	0	1	1	1	0	0	1	1	0	1
3887	2	0	0	1	1	1	1	1	1	0	1
3888	2	.	1	1	1	1	1	1	.	.	.
3889	2	0	1	1	1	1	1	1	1	1	1
3890	2	.	1	1	1	1	1	0	1	1	0
3891	2	0	0	1	1	0	0	1	1	1	1
3892	2	0	1	0	1	0	0	0	1	0	0
3897	2	0	0	0	0	0	0	0	0	1	0
3898	2	0	1	0	0	1	0	1	1	1	1
3899	2	1	1	1	1	1	1	0	1	0	1
3900	2	.	1	1	1	1	1	0	1	0	0
3901	2	0	1	1	1	0	1	0	1	1	0
3906	2	0	1	0	1	1	1	1	1	1	1
3907	2	.	0	0	0	0	0	0	0	0	0
3908	2	0	1	1	1	1	1	1	1	1	1
3909	2	1	0	0	0	1	0	1	1	1	1
3911	2	0	0	0	1	1	1	1	1	1	1
3912	2	0	0	0	0	0	0	0	0	0	0
3914	2	.	1	1	1	1	1	1	1	1	1
3917	2	0	1	1	0	0	0	1	0	1	0
3920	2	.	1	1	1	1	0	0	0	0	1
3921	2	0	.	.	.	.	.	.	.	.	.
3923	2	0	1	1	1	1	1	1	1	1	1
3925	2	.	1	1	1	1	1	1	0	1	1
3926	2	0	1	1	1	1	1	1	1	1	0
3927	2	.	0	0	1	1	0	1	1	1	1
3929	2	0	1	1	1	0	.	1	1	1	0
3931	2	0	0	1	0	0	0	0	0	1	0
3933	2	0	1	1	1	1	1	1	0	1	1
3934	2	0	0	0	0	0	0	1	1	1	1
3935	2	0	0	1	1	0	1	1	1	1	1
3936	2	.	1	1	1	1	1	1	1	1	1
3937	2	0	1	1	1	1	1	1	1	1	1
3940	2	0	1	1	1	1	1	1	0	1	1
3943	2	0	1	0	1	0	1	1	1	1	1
3944	2	0	0	1	1	0	0	0	0	1	0
3946	2	0	0	0	1	1	1	0	1	1	1
3947	2	.	1	1	1	1	1	1	1	1	1
3948	2	0	1	1	1	1	1	0	1	1	1
3949	2	0	1	1	1	1	1	1	1	1	1
3950	2	.	.	.	.	.	.	.	.	.	.
3951	2	0	1	1	1	1	1	0	1	1	0
3953	2	0	0	1	1	1	1	0	0	1	1
3954	2	0	0	0	0	1	0	1	1	0	0
3955	2	0	1	1	1	1	0	1	.	1	1
3956	2	0	1	0	1	1	1	0	0	1	0
3957	2	1	.	.	.	.	.	.	.	.	.
3958	2	0	0	0	0	0	.	1	1	1	0
3960	2	0	1	1	1	1	0	1	1	1	1
3962	2	.	0	1	1	1	1	0	0	1	0
3965	2	.	0	0	1	0	1	0	0	0	0
3966	2	0	1	1	1	0	0	1	1	0	1
3967	2	0	1	1	1	1	1	1	0	0	1
3969	2	0	1	1	1	1	1	1	1	1	1
3970	2	0	0	0	1	1	1	0	0	0	0
3971	2	.	1	1	1	1	1	1	1	1	1
3973	2	0	1	1	1	0	1	1	1	1	1
3976	2	0	1	1	1	0	1	1	1	1	1
3982	2	0	0	1	0	1	1	1	1	1	1
3984	2	1	0	1	1	1	1	1	1	1	0
3985	2	0	0	1	1	1	1	0	1	1	1
3987	2	0	1	1	1	1	1	1	1	1	1
3988	2	0	1	1	1	1	1	0	0	0	0
3992	2	.	1	1	0	0	0	0	1	0	1
3995	2	0	.	.	.	.	.	.	.	.	.
3996	2	.	0	1	0	1	1	0	0	1	1
3997	2	.	0	0	0	1	1	1	1	1	1
3998	2	0	1	0	1	1	1	0	0	0	0
3999	2	0	1	1	0	0	1	0	1	1	1
4000	2	0	1	1	1	1	0	1	0	1	1
4004	2	.	1	0	0	0	0	1	0	0	1
4007	2	.	1	0	1	1	1	0	1	1	0
4008	2	0	0	0	1	0	0	1	1	0	1
4009	2	0	1	1	1	1	1	1	1	1	1
4011	2	.	0	1	1	.	1	0	0	1	1
4012	2	1	0	0	0	0	1	1	1	0	1
4014	2	0	1	1	1	0	0	0	1	1	1
4015	2	1	1	1	1	1	0	1	1	1	1
4016	2	.	1	0	0	1	.	.	1	0	.
4018	2	.	0	0	0	1	1	1	1	1	0
4020	2	0	.	.	.	.	.	.	.	.	.
4022	2	0	0	0	0	1	0	0	0	0	0
4023	2	.	1	1	0	0	0	1	0	1	1
4024	2	0	1	1	0	0	1	1	1	1	1
4025	2	0	.	.	.	.	.	.	.	.	.
4027	2	.	1	0	1	1	1	1	1	1	1
4028	2	.	0	0	1	0	0	1	1	1	1
4029	2	1	1	1	1	1	1	0	1	1	0
4030	2	0	1	0	1	1	1	0	1	0	0
4031	2	.	0	1	.	0	0	0	1	1	1
4034	2	0	0	0	1	0	0	0	0	0	0
4035	2	.	0	0	1	1	1	1	0	1	1
4038	2	0	1	1	1	1	1	0	0	0	0
4039	2	.	1	1	0	1	1	1	1	0	0
4042	2	.	.	.	.	.	.	.	.	.	.
4043	2	0	.	.	.	.	.	.	.	.	.
4051	2	.	1	1	1	1	0	1	1	1	1
4053	2	.	1	1	1	0	0	0	1	1	0
4054	2	0	1	.	.	.	.	.	1	.	.
4056	2	.	1	1	1	0	0	1	1	1	1
4057	2	.	1	1	0	0	0	0	0	0	0
4058	2	.	.	.	.	.	.	.	.	.	.
4059	2	0	.	.	.	.	.	.	.	.	.
4063	2	0	1	1	1	1	1	1	1	1	1
4064	2	0	1	1	1	1	1	1	1	1	1
4067	2	.	1	0	1	0	0	1	0	0	0
4069	2	0	1	1	1	1	1	0	0	0	0
4071	2	.	0	0	0	0	1	0	0	0	0
4072	2	0	1	1	1	1	1	1	1	1	1
4073	2	0	1	1	1	1	1	1	1	1	1
4076	2	0	0	1	1	1	1	1	1	1	1
4077	2	0	1	1	1	1	1	1	1	1	1
4078	2	0	1	1	1	1	1	1	1	1	1
4082	2	0	1	1	1	1	1	0	1	1	1
4083	2	.	1	1	1	1	1	1	1	1	1
4084	2	.	0	0	0	0	0	0	0	0	0
4086	2	0	1	1	1	1	1	0	0	0	0
4087	2	.	1	0	1	1	1	0	0	0	0
4088	2	.	.	.	.	.	.	.	.	.	.
4089	2	0	0	0	0	0	1	1	1	1	1
4090	2	0	1	1	1	0	0	1	1	1	1
4091	2	0	0	0	0	0	0	1	1	0	1
4092	2	.	1	1	1	1	1	1	0	1	1
4093	2	.	0	0	0	0	0	0	0	0	0
4094	2	0	1	1	1	1	1	1	0	1	1
4095	2	.	1	1	1	1	1	1	1	1	1
4097	2	0	1	0	1	0	0	1	0	0	1
4099	2	0	1	1	1	1	1	1	1	1	1
4104	2	.	1	1	1	0	0	0	0	0	0
4107	2	0	1	1	0	1	0	0	0	1	1
4108	2	0	1	0	1	1	1	1	0	1	1
4114	2	.	.	.	.	.	.	.	.	.	.
4116	2	0	1	1	1	1	1	1	1	1	1
4119	2	0	1	1	1	1	1	0	0	1	0
4120	2	0	1	1	1	0	1	1	1	1	1
4121	2	0	.	.	.	.	.	.	.	.	.
4122	2	0	1	1	1	1	1	1	1	1	1
4124	2	0	1	1	1	1	1	1	1	1	1
4125	2	0	1	1	1	1	1	1	1	1	1
4127	2	.	.	.	.	.	.	.	.	.	.
4128	2	0	1	1	1	1	1	0	0	0	0
4130	2	0	.	.	.	.	.	.	.	.	.
4131	2	.	.	.	.	.	.	.	.	.	.
4134	2	.	0	0	0	0	0	0	1	1	1
4135	2	1	1	1	1	1	1	1	1	1	1
4136	2	0	.	.	.	.	.	.	.	.	.
4138	2	1	1	1	1	1	1	1	1	.	1
4141	2	.	1	1	1	0	0	1	1	1	1
4147	2	0	.	.	.	.	.	.	.	.	.
4148	2	0	1	1	1	1	1	1	1	1	1
4150	2	0	.	.	.	.	.	.	.	.	.
4152	2	0	1	0	0	0	0	0	0	1	1
4154	2	0	1	1	1	1	1	0	1	1	1
4157	2	0	1	0	1	1	1	1	1	0	1
4159	2	0	.	.	.	.	.	.	.	.	.
4160	2	.	1	1	0	0	1	.	0	0	0
4162	2	0	0	1	1	1	1	0	0	1	1
4163	2	0	1	0	0	0	1	1	0	1	0
4164	2	.	0	1	1	0	1	1	1	0	0
4165	2	0	.	.	.	.	.	.	.	.	.
4166	2	.	.	.	.	.	.	.	.	.	.
4167	2	0	.	.	.	.	.	.	.	.	.
4168	2	0	0	0	1	1	1	0	0	0	0
4170	2	.	1	0	1	1	0	0	0	0	0
4171	2	.	1	1	1	0	0	1	0	1	0
4173	2	0	0	0	1	1	1	0	0	0	0
4175	2	1	.	.	.	.	.	.	.	.	.
4179	2	0	1	1	1	0	1	0	1	0	0
4180	2	0	.	.	.	.	.	.	.	.	.
4181	2	0	1	1	1	1	1	1	1	1	1
4182	2	0	0	0	1	1	1	1	0	1	0
4183	2	.	1	0	1	0	0	0	1	1	1
4186	2	0	0	0	1	1	1	1	0	1	0
4187	2	0	.	.	.	.	.	.	.	.	.
4188	2	0	0	1	.	1	1	1	1	1	1
4193	2	.	0	0	0	0	1	0	1	1	0
4195	2	.	0	0	0	1	1	0	0	0	0
4196	2	0	.	.	.	.	.	.	.	.	.
4198	2	0	1	0	1	1	1	1	1	1	1
4201	2	0	1	1	1	0	0	1	1	1	1
4202	2	0	1	1	1	0	1	1	1	1	1
4204	2	0	0	1	1	0	1	1	1	1	1
4205	2	0	0	1	1	0	1	0	1	1	1
4208	2	.	0	1	1	1	1	0	0	0	1
4209	2	0	0	1	1	1	0	0	0	0	0
4210	2	0	0	0	1	0	0	1	0	.	0
4211	2	0	1	1	1	1	1	1	1	1	1
4212	2	0	1	1	1	1	1	1	1	1	1
4215	2	0	0	0	1	0	1	1	1	0	0
4216	2	.	0	1	1	1	1	0	0	0	0
4217	2	.	1	1	1	1	1	1	1	1	1
4218	2	0	1	1	1	1	1	1	1	1	1
4220	2	.	1	1	1	1	1	1	1	1	1
4221	2	1	1	1	1	1	1	1	1	0	1
4225	2	0	1	1	1	0	1	0	1	0	0
4229	2	0	1	1	1	1	1	1	1	1	1
4230	2	0	0	0	0	1	1	0	0	1	1
4231	2	0	0	0	0	0	0	0	0	0	0
4233	2	1	1	1	1	1	1	1	1	1	1
4235	2	0	1	1	1	1	1	0	1	1	1
4236	2	.	1	1	0	0	1	1	1	1	0
4243	2	1	1	1	1	0	0	1	1	1	0
4246	2	.	1	1	1	1	1	1	0	0	1
4247	2	0	1	1	1	1	1	1	1	1	1
4248	2	0	1	0	1	0	0	1	1	1	1
4249	2	1	1	1	0	1	1	1	1	1	1
4250	2	0	1	1	1	1	1	0	1	1	0
4251	2	.	1	1	1	.	1	0	0	1	1
4254	2	0	1	1	0	0	0	1	0	1	1
4261	2	0	1	1	.	1	1	1	1	1	1
4262	2	0	0	0	1	1	1	1	1	1	1
4263	2	0	1	1	1	1	1	1	0	1	1
4264	2	.	1	1	1	1	0	0	0	1	1
4266	2	0	.	.	.	.	.	.	.	.	.
4267	2	0	.	.	.	.	.	.	.	.	.
4268	2	.	1	0	1	1	1	0	0	0	0
4269	2	0	1	1	1	1	1	0	1	0	0
4272	2	.	0	0	0	1	0	0	0	0	0
4274	2	.	0	1	1	1	1	0	0	1	1
4276	2	0	0	1	1	1	1	1	0	1	1
4279	2	0	0	0	0	0	0	0	0	1	0
4280	2	.	1	1	1	1	1	1	0	1	1
4286	2	0	0	0	0	0	0	0	0	0	0
4287	2	1	1	1	1	1	1	1	1	1	1
4289	2	.	0	1	1	1	1	0	0	1	0
4291	2	1	0	1	1	1	1	0	0	1	0
4292	2	0	0	0	1	1	1	1	1	1	1
4293	2	0	.	.	.	.	.	.	.	.	.
4294	2	0	1	0	1	1	1	1	1	1	1
4295	2	0	0	1	1	1	1	1	1	1	1
4297	2	0	1	0	1	1	1	1	1	1	1
4298	2	0	1	0	1	1	1	1	0	1	1
4301	2	0	1	1	0	1	0	1	1	1	0
4302	2	0	0	1	1	1	1	1	0	1	1
4303	2	.	.	.	.	.	.	.	.	.	.
4305	2	0	1	1	1	1	1	1	0	1	1
4308	2	0	1	1	0	1	1	1	1	1	1
4309	2	.	1	1	1	0	1	1	1	1	1
4311	2	.	0	0	0	1	0	1	1	0	0
4312	2	0	0	0	0	1	1	0	0	0	0
4314	2	0	1	1	1	1	1	1	1	1	1
4318	2	0	1	1	1	1	1	1	1	1	1
4320	2	0	.	.	.	.	.	.	.	.	.
4325	2	0	1	1	1	0	0	0	0	0	0
4326	2	0	0	0	1	0	0	1	1	0	1
4330	2	0	1	1	1	1	1	1	1	1	1
4331	2	.	1	1	1	1	1	1	1	1	1
4332	2	.	0	1	0	0	0	1	1	1	1
4334	2	0	1	1	1	1	1	.	1	1	1
4335	2	0	0	1	1	1	1	1	0	1	1
4337	2	0	0	1	1	0	1	1	1	1	1
4338	2	0	1	1	1	1	0	1	1	1	1
4339	2	.	.	.	.	.	.	.	.	.	.
4346	2	.	1	1	1	1	1	0	0	0	0
4347	2	0	1	1	1	0	0	1	1	1	1
4349	2	.	.	.	.	.	.	.	.	.	.
4351	2	0	1	1	1	1	1	0	1	1	1
4353	2	0	0	0	0	0	0	1	0	1	1
4354	2	0	.	.	.	.	.	.	.	.	.
4355	2	.	1	1	1	1	1	1	1	0	0
4356	2	0	0	0	0	0	0	1	1	1	1
4357	2	0	0	1	1	1	1	1	0	0	0
4358	2	0	0	0	1	0	0	1	0	1	1
4359	2	.	1	1	1	1	1	1	1	1	1
4361	2	.	0	0	1	0	1	0	1	1	1
4362	2	0	0	0	0	1	1	1	1	1	1
4363	2	0	1	1	1	1	1	0	0	0	0
4365	2	0	1	1	1	1	1	1	1	1	1
4366	2	0	1	1	0	1	1	0	0	1	1
4369	2	0	1	1	1	1	1	1	1	1	1
4372	2	0	.	.	.	.	.	.	.	.	.
4373	2	0	1	1	0	1	1	1	1	1	1
4374	2	.	1	1	1	1	1	1	1	1	1
4375	2	.	0	1	0	0	0	1	1	1	1
4379	2	0	1	1	1	1	1	1	0	1	1
4381	2	0	1	1	1	0	0	0	0	0	0
4382	2	0	1	1	1	1	1	1	1	1	1
4386	2	0	1	0	1	1	1	1	1	1	1
4387	2	1	1	1	1	1	1	1	1	1	1
4389	2	0	1	1	1	1	1	0	0	0	0
4390	2	0	1	1	0	1	1	1	1	1	0
4395	2	0	1	1	1	1	1	0	1	0	1
4396	2	0	1	1	1	1	0	0	1	1	1
4397	2	0	1	1	1	1	1	1	1	1	1
4398	2	.	1	1	1	0	0	1	1	1	1
4401	2	0	1	0	0	0	0	0	0	0	1
4402	2	.	.	.	.	.	.	.	.	.	.
4405	2	.	0	1	0	0	0	0	0	0	0
4406	2	.	1	1	1	0	1	1	1	0	1
4407	2	.	0	0	0	1	1	0	0	0	0
4408	2	0	0	0	0	0	0	1	1	1	0
4410	2	0	1	1	1	0	1	1	1	1	1
4411	2	0	.	.	.	.	.	.	.	.	.
4415	2	0	0	1	1	1	1	0	0	0	0
4416	2	0	1	0	1	1	1	1	0	1	1
4417	2	0	0	0	1	1	1	0	0	1	1
4418	2	0	1	1	1	1	1	1	1	1	1
4419	2	.	1	1	1	1	1	1	1	1	1
4420	2	0	0	0	1	1	1	1	0	1	0
4422	2	0	1	1	1	1	1	1	1	1	1
4423	2	.	.	.	.	.	.	.	.	.	.
4424	2	0	.	.	.	.	.	.	.	.	.
4425	2	0	1	1	1	1	0	1	1	1	1
4426	2	0	1	1	1	1	1	1	0	1	1
4429	2	0	1	1	1	1	1	1	1	1	1
4431	2	.	.	.	.	.	.	.	.	.	.
4432	2	0	1	1	1	1	1	1	1	1	1
4435	2	0	1	1	1	1	1	0	1	0	0
4437	2	0	1	1	1	1	0	1	1	1	1
4439	2	0	1	1	1	1	1	1	0	1	0
4440	2	.	0	0	0	0	0	1	1	1	1
4441	2	.	0	0	1	0	0	0	1	1	1
4445	2	.	1	0	1	1	1	1	0	0	1
4446	2	0	.	.	.	.	.	.	.	.	.
4447	2	0	0	1	1	0	0	0	0	1	0
4449	2	0	1	1	1	1	1	1	0	1	1
4451	2	.	1	1	1	1	0	.	1	0	0
4452	2	.	1	1	1	0	0	1	1	1	1
4454	2	0	1	1	0	1	1	1	1	1	1
4456	2	0	1	1	1	1	1	1	1	1	1
4457	2	0	.	.	.	.	.	.	.	.	.
4461	2	.	1	1	1	1	0	1	1	1	1
4463	2	0	1	1	1	0	0	1	1	1	1
4464	2	0	0	1	1	1	1	1	1	1	1
4465	2	.	.	.	.	.	.	.	.	.	.
4466	2	.	.	.	.	.	.	.	.	.	.
4468	2	0	1	1	1	1	1	1	1	0	1
4471	2	0	1	0	1	0	1	1	0	1	1
4475	2	0	0	0	0	0	1	1	1	1	1
4476	2	.	1	1	1	1	1	1	0	1	0
4479	2	0	1	1	1	1	1	1	1	1	1
4481	2	0	1	1	1	1	1	0	1	1	1
4482	2	.	1	1	1	1	1	1	1	1	1
4486	2	.	1	1	1	0	1	1	1	1	1
4489	2	0	.	.	.	.	.	.	.	.	.
4491	2	0	0	0	0	.	0	1	0	1	1
4493	2	0	1	1	1	1	1	1	1	1	0
4500	2	.	0	1	1	1	1	1	1	0	0
4501	2	0	1	1	1	1	0	1	1	1	1
4502	2	0	0	0	0	0	0	.	0	0	0
4503	2	1	1	1	1	1	1	1	1	1	1
4505	2	.	0	0	0	0	0	0	1	0	0
4506	2	0	.	.	.	.	.	.	.	.	.
4507	2	0	1	1	1	1	1	1	.	1	1
4510	2	.	1	1	1	1	1	0	1	1	1
4511	2	0	1	1	1	1	1	0	0	.	1
4514	2	.	.	.	.	.	.	.	.	.	.
4518	2	0	1	1	1	1	1	0	1	1	0
4520	2	0	1	1	1	1	1	1	1	1	1
4521	2	0	0	0	0	1	1	0	0	0	0
4523	2	.	1	1	1	1	1	0	0	1	1
4524	2	.	1	0	.	.	.	.	.	.	.
4525	2	.	0	0	1	1	1	1	1	1	0
4531	2	.	1	0	0	0	1	1	1	1	1
4532	2	1	1	1	1	1	1	1	1	1	1
4533	2	0	.	.	.	.	.	.	.	.	.
4535	2	.	1	1	1	1	1	1	0	1	1
4539	2	1	1	1	1	1	1	1	1	1	1
4544	2	0	0	0	1	1	1	1	1	1	1
4546	2	0	1	1	1	0	0	1	0	1	1
4547	2	.	1	1	1	1	1	0	0	0	0
4550	2	0	.	.	.	.	.	.	.	.	.
4551	2	0	1	1	1	1	1	1	1	1	1
4552	2	0	1	1	1	1	1	1	1	1	1
4554	2	0	1	1	1	1	1	0	1	1	0
4556	2	0	1	1	1	1	1	1	1	1	1
4557	2	0	0	0	0	.	0	1	1	1	1
4558	2	0	0	0	0	0	0	1	1	1	1
4559	2	1	0	1	1	0	1	1	1	1	1
4562	2	0	1	1	1	1	1	0	1	0	1
4566	2	0	1	1	1	1	1	1	0	1	1
4567	2	.	.	.	.	.	.	.	.	.	.
4569	2	0	1	1	1	1	1	1	1	1	1
4571	2	0	1	1	1	1	1	1	1	1	1
4573	2	0	1	1	1	0	0	1	0	1	1
4574	2	0	0	1	1	0	0	1	1	1	1
4576	2	0	1	1	1	1	1	0	0	0	.
4577	2	.	1	1	1	1	1	1	1	1	1
4580	2	1	1	1	1	1	1	1	1	1	1
4581	2	0	0	1	1	.	0	1	1	1	1
4582	2	.	.	.	.	.	.	.	.	.	.
4584	2	0	0	1	0	0	1	1	1	1	1
4586	2	.	1	1	0	0	0	0	0	0	0
4587	2	0	1	1	1	1	0	1	1	1	1
4588	2	0	0	1	1	1	1	1	1	0	0
4589	2	0	1	1	1	1	0	1	1	1	1
4590	2	0	.	.	.	.	.	.	.	.	.
4591	2	0	1	1	1	0	1	1	1	1	1
4592	2	0	1	1	1	1	1	0	0	0	0
4597	2	0	1	1	1	0	1	1	1	1	1
4599	2	0	0	0	0	0	0	0	0	0	0
4603	2	0	1	1	1	0	0	1	1	1	1
4604	2	.	1	1	1	0	0	1	1	1	1
4607	2	.	1	1	1	1	1	1	1	1	1
4609	2	0	1	0	1	1	1	1	0	1	1
4611	2	.	1	1	1	1	1	0	1	1	0
4614	2	0	.	.	.	.	.	.	.	.	.
4615	2	.	0	0	1	1	1	0	0	0	1
4616	2	.	0	0	1	0	1	1	0	0	0
4617	2	0	1	1	1	1	1	1	1	1	1
4618	2	0	1	1	1	1	0	0	1	1	0
4619	2	0	1	1	1	1	1	1	0	1	1
4620	2	0	1	1	0	.	1	1	1	1	1
4621	2	0	0	1	1	1	1	1	1	0	0
4624	2	0	1	1	1	0	0	0	0	0	0
4625	2	.	0	0	1	0	1	0	0	1	1
4626	2	.	1	1	1	1	1	1	1	1	1
4627	2	0	1	1	1	.	0	1	1	0	1
4631	2	0	1	1	1	0	1	1	1	1	1
4632	2	.	1	1	1	1	1	0	1	1	1
4636	2	0	1	1	0	0	0	1	0	0	0
4637	2	0	1	1	1	1	1	1	1	1	1
4640	2	0	1	1	1	1	1	1	1	.	1
4644	2	.	.	.	.	.	.	.	.	.	.
4645	2	.	1	1	1	1	1	1	1	1	1
4646	2	.	.	.	.	.	.	.	.	.	.
4648	2	0	1	1	1	0	1	1	1	1	1
4649	2	0	.	.	.	.	.	.	.	.	.
4650	2	0	1	0	1	0	1	1	0	1	0
4651	2	0	1	1	1	0	1	1	0	1	1
4652	2	0	1	1	1	0	1	0	0	1	0
4653	2	1	1	1	1	0	1	1	1	1	1
4654	2	.	1	0	0	0	0	0	0	0	0
4656	2	0	0	0	0	0	0	1	1	0	0
4660	2	0	.	.	.	.	.	.	.	.	.
4661	2	.	0	1	0	1	1	1	1	1	1
4662	2	0	1	1	1	1	1	1	1	1	1
4665	2	0	1	1	1	1	0	1	0	1	1
4666	2	0	1	1	1	0	1	0	0	0	1
4667	2	0	0	1	1	1	1	1	1	1	1
4668	2	0	1	1	1	1	1	1	1	0	0
4673	2	0	.	.	.	.	.	.	.	.	.
4674	2	.	1	1	1	0	0	1	1	1	1
4676	2	0	1	1	1	0	0	0	1	1	1
4678	2	0	1	1	1	.	0	1	1	1	1
4679	2	0	1	1	1	1	1	1	1	1	1
4680	2	0	0	0	0	0	1	0	.	.	1
4682	2	.	0	0	0	0	0	1	1	1	1
4684	2	.	1	1	1	0	0	1	1	1	1
4685	2	0	1	1	1	0	0	0	1	1	0
4690	2	.	1	1	1	1	1	0	1	1	1
4694	2	0	1	1	1	1	1	1	1	1	1
4695	2	0	1	1	1	1	1	1	1	0	0
4702	2	.	.	.	.	.	.	.	.	.	.
4703	2	.	1	1	1	1	1	1	1	1	1
4709	2	.	1	1	1	1	1	1	1	1	1
4712	2	0	1	1	1	1	0	0	1	1	1
4713	2	0	0	0	0	0	0	1	1	1	1
4715	2	0	1	1	1	0	1	1	1	1	1
4716	2	.	1	1	1	1	1	1	1	1	1
4717	2	0	0	1	1	0	0	0	1	0	1
4719	2	.	1	0	1	1	1	1	0	0	1
4721	2	0	0	0	0	0	0	1	1	1	1
4723	2	0	1	0	1	1	0	1	1	1	1
4725	2	0	0	0	1	0	1	1	0	1	1
4728	2	0	.	.	.	.	.	.	.	.	.
4732	2	.	0	0	0	0	0	1	1	1	1
4733	2	.	1	1	1	1	0	1	0	0	1
4734	2	0	1	1	1	1	1	1	1	1	1
4737	2	0	0	0	1	0	0	0	0	.	0
4738	2	.	1	1	1	1	1	1	1	1	1
4741	2	0	1	1	1	1	1	1	1	1	1
4742	2	.	0	1	1	1	1	1	0	1	1
4743	2	0	0	0	0	0	0	0	0	0	1
4744	2	0	.	.	.	.	.	.	.	.	.
4747	2	.	1	1	1	1	0	0	0	0	1
4748	2	.	0	0	1	1	1	0	0	1	0
4751	2	.	.	.	.	.	.	.	.	.	.
4752	2	.	0	0	0	0	0	1	1	1	1
4753	2	0	1	1	1	1	1	1	0	1	1
4754	2	.	.	.	.	.	.	.	.	.	.
4755	2	.	.	.	.	.	.	.	.	.	.
4758	2	.	.	.	.	.	.	.	.	.	.
4760	2	.	0	0	0	0	0	0	0	0	0
4762	2	0	0	0	0	.	.	.	.	.	.
4763	2	.	1	0	1	0	1	1	1	1	1
4768	2	.	1	1	1	0	1	0	0	0	1
4770	2	0	1	1	0	1	0	1	1	0	0
4773	2	0	1	1	1	1	0	0	1	0	1
4776	2	0	1	1	1	1	1	0	0	0	0
4778	2	0	1	1	1	1	1	0	0	0	0
4784	2	.	1	1	1	1	0	0	0	1	0
4786	2	.	0	0	0	0	0	1	0	1	1
4787	2	0	1	1	0	0	0	1	0	0	1
4790	2	0	1	1	1	1	1	1	0	1	0
4792	2	0	0	0	1	1	1	0	0	0	0
4793	2	0	0	1	1	1	1	1	1	1	1
4794	2	0	0	1	0	1	0	1	0	0	0
4796	2	1	1	1	0	1	1	1	1	1	1
4798	2	0	.	.	.	.	.	.	.	.	.
4799	2	0	1	1	1	1	1	1	1	1	1
4800	2	0	.	.	.	.	.	.	.	.	.
4802	2	0	1	0	1	0	0	1	1	1	1
4809	2	0	1	1	1	1	1	1	1	1	1
4810	2	.	1	1	1	1	0	0	1	1	1
4812	2	0	1	1	1	1	1	1	1	1	1
4813	2	.	.	.	.	.	.	.	.	.	.
4816	2	.	1	1	1	1	1	1	1	1	1
4817	2	.	.	.	.	.	.	.	.	.	.
4819	2	0	0	1	1	1	1	1	1	1	1
4823	2	0	0	1	1	1	1	0	0	0	1
4824	2	0	1	1	1	0	0	1	1	1	1
4825	2	.	1	1	1	1	1	1	1	1	1
4827	2	0	1	0	0	1	.	0	0	1	1
4831	2	0	1	1	1	1	1	1	1	1	1
4834	2	0	1	0	1	0	1	1	1	1	0
4835	2	0	.	.	.	.	.	.	.	.	.
4836	2	0	1	1	1	0	0	1	0	1	1
4837	2	0	1	1	1	1	1	1	1	1	1
4838	2	0	1	1	1	1	0	1	1	0	1
4842	2	0	.	.	.	.	.	.	.	.	.
4843	2	.	.	.	.	.	.	.	.	.	.
4844	2	.	1	1	1	1	1	0	0	1	1
4845	2	.	1	0	0	1	0	0	0	0	0
4846	2	1	1	1	1	1	1	1	1	1	1
4850	2	.	0	0	0	0	1	1	1	0	1
4853	2	0	1	1	1	0	0	1	1	1	1
4854	2	0	.	.	.	.	.	.	.	.	.
4858	2	0	.	.	.	.	.	.	.	.	.
4859	2	.	1	1	1	0	0	0	0	0	0
4863	2	0	1	1	1	0	1	1	1	1	1
4866	2	0	1	1	1	1	1	1	1	1	1
4869	2	0	.	.	.	.	.	.	.	.	.
4871	2	0	1	1	1	1	1	1	0	1	1
4873	2	.	0	1	1	0	0	1	1	1	1
4876	2	0	1	1	1	0	0	1	1	1	1
4881	2	.	1	1	1	1	1	1	1	1	0
4882	2	0	0	0	0	0	1	0	0	0	0
4883	2	.	1	1	1	1	1	1	1	1	1
4884	2	0	1	1	1	1	1	1	0	1	1
4887	2	0	0	0	0	0	1	0	1	.	0
4888	2	0	1	1	1	1	0	1	0	1	1
4889	2	0	1	1	1	0	0	1	1	1	1
4890	2	0	0	0	0	0	0	0	0	0	0
4893	2	1	1	1	1	1	1	1	1	1	1
4894	2	0	.	.	.	.	.	.	.	.	.
4895	2	0	1	1	1	1	1	1	0	1	1
4896	2	0	1	1	1	1	1	1	1	1	1
4898	2	1	1	1	1	1	1	1	1	1	1
4900	2	.	1	1	1	1	0	1	1	1	1
4901	2	0	0	1	1	1	1	1	0	1	1
4908	2	0	.	.	.	.	.	.	.	.	.
4910	2	0	1	1	1	1	1	1	1	.	0
4912	2	0	1	1	1	1	0	0	1	1	1
4914	2	.	0	0	1	0	0	0	0	1	0
4916	2	0	.	.	.	.	.	.	.	.	.
4917	2	0	1	1	1	1	1	0	1	0	1
4920	2	0	1	1	1	0	0	1	1	1	1
4921	2	0	1	1	1	0	0	0	0	0	1
4922	2	0	1	0	1	1	0	0	0	0	0
4923	2	0	.	.	.	.	.	.	.	.	.
4924	2	0	1	1	1	0	0	1	1	1	1
4926	2	0	0	0	1	0	1	1	1	1	1
4928	2	0	0	0	1	0	0	0	0	1	1
4932	2	1	1	1	1	0	1	1	1	1	1
4933	2	0	0	0	1	0	1	0	.	1	1
4935	2	0	1	1	1	0	1	0	0	.	.
4937	2	0	1	1	1	0	0	1	1	1	1
4938	2	0	.	.	.	.	.	.	.	.	.
4943	2	0	1	1	1	1	1	1	1	1	1
4944	2	0	.	.	.	.	.	.	.	.	.
4945	2	.	1	1	1	1	0	0	0	0	0
4946	2	.	1	1	1	0	1	0	1	1	1
4949	2	0	0	1	1	1	1	1	1	1	0
4950	2	.	.	.	.	.	.	.	.	.	.
4951	2	0	0	1	1	0	1	1	1	0	1
4953	2	1	.	.	.	.	.	.	.	.	.
4955	2	.	1	1	1	1	1	0	0	1	1
4957	2	0	1	1	1	0	1	1	1	1	1
4958	2	0	1	1	1	1	1	1	0	1	0
4959	2	.	0	0	1	1	1	1	1	1	1
4961	2	0	1	1	1	1	1	1	1	1	1
4963	2	.	1	0	1	0	0	0	1	0	0
4965	2	0	1	1	1	1	1	1	1	0	0
4966	2	0	.	.	.	.	.	.	.	.	.
4968	2	0	1	1	1	1	1	0	0	1	1
4969	2	0	.	.	.	.	.	.	.	.	.
4973	2	0	1	0	1	1	1	1	1	0	1
4975	2	0	.	.	.	.	.	.	.	.	.
4976	2	.	1	1	1	0	0	0	1	0	0
4977	2	0	1	1	1	0	0	1	1	1	1
4980	2	1	0	1	1	1	1	0	0	1	1
4981	2	0	1	0	1	1	1	1	1	1	1
4983	2	.	1	1	1	1	1	1	1	1	1
4986	2	0	1	1	1	1	1	1	1	1	1
4990	2	.	1	0	1	1	0	1	.	1	1
4991	2	0	1	1	1	1	1	1	1	1	0
4992	2	.	1	1	1	1	1	1	1	1	1
4994	2	0	0	1	1	1	1	0	0	0	0
5000	2	.	0	0	0	.	0	1	1	1	1
5001	2	.	.	.	.	.	.	.	.	.	.
5003	2	0	1	1	1	0	0	1	0	1	1
5004	2	.	.	.	.	.	.	.	.	.	.
5005	2	1	1	1	1	1	1	1	1	1	1
5006	2	0	0	0	1	0	1	.	.	0	0
5007	2	.	0	0	0	1	0	1	0	1	1
5010	2	0	.	.	.	.	.	.	.	.	.
5015	2	0	1	1	1	0	0	0	0	0	0
5016	2	.	1	0	1	1	1	1	1	1	1
5019	2	0	1	1	0	1	1	1	0	1	1
5020	2	0	.	.	.	.	.	.	.	.	.
5021	2	0	1	1	1	1	1	1	1	1	1
5022	2	0	1	1	1	1	1	1	1	1	1
5023	2	0	1	1	1	0	0	1	1	1	1
5025	2	.	1	1	0	0	0	1	1	1	1
5031	2	0	0	1	1	0	1	0	0	1	0
5035	2	0	1	1	1	1	1	0	.	1	1
5036	2	.	1	1	1	0	0	0	0	0	0
5038	2	.	1	1	1	1	1	1	1	1	1
5039	2	0	0	0	1	0	1	1	1	.	.
5042	2	.	.	.	.	.	.	.	.	.	.
5045	2	0	0	0	0	0	0	0	1	1	0
5046	2	0	0	0	1	1	1	0	0	0	0
5047	2	0	.	.	.	.	.	.	.	.	.
5048	2	0	0	0	0	0	1	1	1	1	1
5052	2	.	0	0	1	.	1	1	1	1	1
5055	2	0	1	1	1	0	1	1	1	1	1
5058	2	0	0	0	0	0	0	0	0	0	0
5061	2	0	1	1	1	1	1	1	1	1	0
5064	2	0	0	1	1	1	1	1	1	1	1
5065	2	0	0	1	1	1	1	1	1	1	0
5066	2	0	0	0	0	0	0	0	0	0	0
5068	2	0	.	.	.	.	.	.	.	.	.
5069	2	0	1	1	1	1	0	1	1	0	1
5070	2	0	1	1	.	1	1	1	0	1	1
5072	2	0	0	1	1	0	1	1	1	1	1
5075	2	0	0	0	0	0	1	0	1	1	0
5077	2	0	1	1	1	1	1	1	1	1	1
5078	2	0	0	0	1	1	1	0	0	1	0
5079	2	0	1	1	.	1	1	1	1	.	.
5081	2	0	1	1	1	.	0	1	1	1	1
5084	2	0	.	.	.	.	.	.	.	.	.
5085	2	0	1	1	1	1	1	0	1	1	1
5088	2	1	1	0	0	0	1	1	1	1	1
5089	2	.	1	0	0	1	1	1	0	1	0
5091	2	0	1	1	1	1	1	1	0	1	1
5092	2	1	1	1	1	1	1	1	1	1	1
5093	2	.	1	1	1	1	1	1	1	1	1
5094	2	.	.	.	.	.	.	.	.	.	.
5096	2	0	0	1	0	1	0	1	0	0	0
5097	2	0	.	.	.	.	.	.	.	.	.
5098	2	0	0	1	1	1	1	1	.	.	.
5099	2	0	1	0	1	1	1	0	0	1	1
5101	2	0	0	0	0	0	0	0	0	0	0
5102	2	.	0	0	1	1	1	0	0	0	0
5108	2	0	1	1	1	1	1	1	1	1	1
5109	2	0	1	1	0	0	0	1	1	1	1
5112	2	0	0	0	0	1	0	1	1	0	.
5113	2	0	1	1	1	1	1	1	1	1	1
5115	2	.	0	1	1	0	1	0	0	1	1
5116	2	0	0	0	1	0	1	1	1	1	1
5117	2	0	1	1	1	1	1	1	1	1	1
5118	2	0	.	.	.	.	.	.	.	.	.
5119	2	0	1	0	1	0	0	1	1	1	1
5120	2	0	1	1	1	0	1	1	1	1	1
5123	2	.	1	1	1	1	1	0	0	0	0
5124	2	.	1	1	1	1	1	1	1	1	0
5126	2	0	1	1	1	1	1	0	1	1	1
5129	2	.	1	1	1	1	1	1	1	1	0
5130	2	0	1	1	1	1	1	1	1	1	1
5131	2	.	1	1	1	0	0	1	1	1	1
5132	2	.	1	1	0	0	0	0	1	1	1
5134	2	.	.	.	.	.	.	.	.	.	.
5135	2	.	1	1	0	0	0	1	1	1	1
5136	2	.	1	1	1	1	1	0	0	1	1
5139	2	0	1	1	1	1	1	0	0	1	0
5141	2	0	1	1	1	0	1	1	1	0	1
5142	2	0	1	1	1	0	0	1	1	1	1
5143	2	0	1	1	1	1	1	1	1	1	1
5144	2	0	0	0	1	1	1	1	1	0	0
5146	2	0	0	1	0	0	1	0	1	0	0
5148	2	.	.	.	.	.	.	.	.	.	.
5149	2	0	1	1	1	1	0	0	1	1	1
5150	2	0	1	1	1	1	1	1	1	1	1
5151	2	.	1	1	1	1	1	1	1	1	1
5154	2	0	0	0	1	1	1	0	0	0	0
5156	2	.	1	1	.	1	1	1	1	1	1
5157	2	0	1	1	1	1	1	1	1	1	1
5158	2	0	1	1	1	1	1	1	1	1	1
5159	2	.	0	0	0	0	1	0	0	0	0
5161	2	0	1	1	1	1	1	0	0	0	0
5163	2	.	0	0	1	1	1	0	0	1	1
5164	2	0	0	0	0	1	1	0	0	1	1
5169	2	0	1	1	1	1	1	1	1	1	1
5170	2	0	1	1	1	1	1	1	1	1	1
5171	2	0	1	1	1	1	1	1	1	1	1
5172	2	0	.	.	.	.	.	.	.	.	.
5173	2	.	0	0	1	1	1	0	0	1	1
5174	2	0	1	1	1	0	1	0	1	1	1
5176	2	.	.	.	.	.	.	.	.	.	.
5177	2	.	0	0	0	1	1	0	0	0	0
5179	2	.	1	1	1	1	1	1	0	1	1
5181	2	0	1	1	1	0	1	1	0	1	1
5184	2	.	1	0	1	1	1	1	1	1	1
5188	2	.	.	.	.	.	.	.	.	.	.
5189	2	0	.	.	.	.	.	.	.	.	.
5190	2	.	1	1	1	1	1	1	1	1	1
5193	2	.	0	0	1	0	1	0	0	1	0
5196	2	.	0	0	0	0	0	1	1	1	1
5197	2	0	1	1	1	1	1	1	1	0	1
5198	2	0	0	1	1	1	1	1	0	1	1
5199	2	.	0	0	1	1	1	1	0	1	0
5200	2	0	1	1	1	0	0	1	1	1	1
5201	2	.	0	0	0	0	0	1	0	0	0
5202	2	0	1	1	1	1	1	0	0	0	1
5204	2	.	0	0	0	0	1	1	0	1	1
5207	2	.	0	0	0	0	0	0	0	1	1
5210	2	0	.	.	.	.	.	.	.	.	.
5213	2	0	1	1	1	0	1	1	1	1	1
5215	2	.	1	1	1	1	1	1	1	1	1
5216	2	.	0	0	0	0	0	1	1	0	1
5217	2	0	0	1	1	0	1	1	1	1	0
5218	2	0	1	0	1	1	1	1	.	.	0
5220	2	0	1	1	1	0	1	1	1	1	1
5224	2	0	1	1	1	1	0	1	0	1	1
5225	2	0	1	1	1	1	1	0	1	1	1
5226	2	.	.	.	.	.	.	.	.	.	.
5228	2	0	0	1	1	1	0	0	0	0	1
5229	2	0	1	1	1	1	1	0	1	1	1
5230	2	0	1	1	1	0	1	1	1	1	1
5231	2	0	0	0	0	0	0	1	1	1	1
5232	2	0	1	1	1	0	1	1	0	1	1
5235	2	0	0	0	0	0	1	0	0	1	0
5236	2	0	.	.	.	.	.	.	.	.	.
5237	2	.	1	1	0	.	.	.	1	.	1
5238	2	0	1	1	1	0	1	0	1	1	1
5239	2	0	0	0	0	0	0	1	0	1	1
5240	2	.	1	1	1	0	0	0	0	0	0
5241	2	1	1	1	1	1	1	1	1	1	1
5242	2	0	1	1	1	0	.	1	1	0	1
5244	2	0	0	0	1	0	1	1	0	1	0
5246	2	0	0	1	1	0	1	1	1	1	1
5248	2	0	0	1	0	1	0	0	0	1	1
5249	2	0	1	1	1	1	1	1	0	1	1
5251	2	0	0	0	0	1	1	1	1	1	1
5252	2	0	1	1	1	1	0	1	0	1	1
5253	2	.	1	1	1	1	1	1	1	0	0
5255	2	0	0	0	0	0	0	0	0	0	0
5256	2	0	.	.	.	.	.	.	.	.	.
5260	2	.	0	0	0	0	0	1	1	1	1
5263	2	0	1	1	1	1	1	1	1	1	1
5265	2	0	1	1	1	0	1	1	1	1	1
5266	2	1	1	1	1	1	1	1	1	1	1
5267	2	0	0	0	1	0	0	1	1	1	1
5270	2	0	1	0	1	0	0	1	1	1	1
5271	2	0	1	1	1	1	1	1	1	1	1
5273	2	.	.	.	.	.	.	.	.	.	.
5274	2	0	1	1	1	1	1	1	1	1	1
5276	2	1	.	1	1	1	0	1	1	1	1
5277	2	0	0	0	0	0	0	0	1	0	0
5278	2	0	0	0	1	.	1	0	0	0	0
5280	2	0	1	1	1	1	1	0	1	1	0
5282	2	0	1	1	1	0	0	0	0	1	1
5287	2	.	.	.	.	.	.	.	.	.	.
5288	2	.	1	1	1	1	0	1	.	1	1
5296	2	0	1	1	1	1	1	1	1	1	0
5298	2	0	1	0	1	0	1	1	0	1	1
5299	2	.	.	.	.	.	.	.	.	.	.
5301	2	.	.	.	.	.	.	.	.	.	.
5303	2	0	1	0	1	0	0	0	0	0	0
5305	2	.	1	1	1	.	1	1	1	1	0
5306	2	0	1	1	0	0	1	1	1	1	0
5307	2	1	.	.	.	.	.	.	.	.	.
5311	2	0	1	0	0	1	0	1	1	1	1
5315	2	0	1	1	0	0	0	1	1	1	1
5316	2	0	1	1	1	0	0	1	1	1	1
5318	2	0	.	.	.	.	.	.	.	.	.
5322	2	0	1	1	1	1	1	1	1	1	1
5324	2	.	1	1	1	1	1	0	0	1	1
5325	2	0	1	1	1	1	1	0	0	1	1
5326	2	0	0	0	0	0	0	0	0	0	0
5328	2	0	1	1	1	1	1	1	1	1	1
5330	2	0	0	1	1	1	1	1	1	1	1
5331	2	0	0	0	0	.	1	0	1	0	0
5332	2	0	1	1	1	1	1	0	0	1	1
5337	2	0	0	1	0	1	1	1	0	0	1
5338	2	0	1	1	1	1	1	0	1	1	1
5340	2	0	1	1	1	0	1	1	0	1	1
5344	2	0	1	0	1	1	1	1	1	1	1
5352	2	0	1	1	1	0	0	0	1	1	1
5353	2	0	.	.	.	.	.	.	.	.	.
5356	2	0	1	1	1	.	0	1	0	0	1
5357	2	0	0	1	1	0	1	0	1	1	0
5359	2	.	1	1	1	1	1	1	1	1	1
5360	2	0	1	1	1	1	1	1	1	0	1
5362	2	0	.	.	.	.	.	.	.	.	.
5363	2	0	1	1	1	0	0	1	1	1	1
5364	2	0	1	1	1	1	1	1	1	1	1
5365	2	.	1	1	1	1	1	0	0	0	0
5366	2	0	.	.	.	.	.	.	.	.	.
5368	2	1	1	1	1	1	1	0	1	0	0
5370	2	0	.	.	.	.	.	.	.	.	.
5371	2	0	0	1	0	0	1	1	0	0	0
5373	2	0	1	0	1	1	1	0	1	1	1
5374	2	0	.	.	.	.	.	.	.	.	.
5375	2	.	0	0	1	1	1	0	0	0	0
5376	2	0	0	0	0	0	0	1	.	1	1
5377	2	.	.	.	.	.	.	.	.	.	.
5378	2	0	0	0	0	0	1	1	1	1	0
5379	2	0	.	.	.	.	.	.	.	.	.
5382	2	0	0	0	1	1	0	0	0	1	1
5383	2	.	1	1	1	1	1	0	0	1	0
5386	2	.	1	0	1	0	1	1	0	1	1
5387	2	.	1	1	1	0	0	1	1	1	1
5393	2	0	1	1	1	1	1	1	1	0	0
5394	2	0	1	0	0	1	1	0	0	1	0
5395	2	0	1	1	1	1	1	1	1	1	1
5396	2	.	.	.	.	.	.	.	.	.	.
5397	2	0	.	.	.	.	.	.	.	.	.
5399	2	0	0	0	0	0	1	1	1	1	1
5400	2	.	.	.	.	.	.	.	.	.	.
5401	2	0	1	1	1	1	1	1	0	1	1
5404	2	.	.	.	.	.	.	.	.	.	.
5405	2	0	0	0	1	0	0	0	0	0	1
5406	2	.	0	1	1	0	0	0	0	0	0
5408	2	0	1	1	1	1	0	1	1	1	1
5409	2	1	1	1	1	1	1	1	1	1	0
5414	2	1	1	1	1	1	.	1	1	1	1
5415	2	0	1	1	1	1	1	1	1	1	1
5421	2	.	1	0	1	1	0	1	1	1	1
5422	2	0	1	0	1	1	1	1	0	1	1
5431	2	0	1	1	1	1	1	1	0	1	1
5433	2	0	1	1	1	1	1	1	1	1	1
5437	2	.	1	1	0	0	1	0	1	0	1
5438	2	0	1	1	1	1	1	1	1	1	1
5440	2	0	0	0	0	0	0	0	0	0	0
5444	2	0	1	1	1	1	1	1	1	1	1
5445	2	0	0	0	0	1	1	0	0	1	1
5446	2	.	0	1	1	1	0	0	0	1	0
5448	2	0	1	1	1	1	1	0	1	1	0
5450	2	0	1	1	1	1	1	0	1	1	1
5453	2	0	1	1	1	0	1	1	1	1	1
5455	2	0	1	1	1	1	0	0	1	0	0
5458	2	0	1	0	0	1	1	0	0	0	0
5461	2	.	1	0	1	0	0	1	1	1	1
5462	2	.	1	1	1	1	1	1	1	1	1
5463	2	0	1	1	1	0	0	1	0	1	1
5464	2	0	1	1	0	1	1	0	1	0	0
5465	2	0	1	1	1	1	1	1	1	0	1
5466	2	0	0	1	1	0	1	0	0	1	1
5468	2	0	1	1	0	0	1	1	1	1	1
5469	2	.	1	1	0	0	0	1	1	1	0
5470	2	0	1	1	1	1	1	1	1	1	1
5472	2	0	1	1	1	0	0	1	1	1	1
5473	2	0	1	1	1	1	1	1	1	1	1
5474	2	.	1	1	1	1	1	0	0	1	1
5476	2	0	0	1	1	0	0	0	0	0	0
5477	2	0	1	1	1	1	1	1	1	1	1
5480	2	.	0	0	1	1	1	1	1	1	1
5483	2	1	0	1	1	1	0	1	1	.	.
5486	2	1	1	1	1	0	1	1	0	1	0
5488	2	0	.	.	.	.	.	.	.	.	.
5490	2	.	0	0	0	0	1	1	.	1	1
5492	2	.	0	0	1	0	1	1	1	1	0
5493	2	.	.	.	.	.	.	.	.	.	.
5495	2	0	1	0	1	1	1	1	0	0	1
5497	2	0	1	1	1	0	0	1	1	1	1
5499	2	0	1	0	1	0	1	1	0	1	1
5501	2	0	1	1	1	1	1	1	0	1	1
5506	2	0	0	0	0	0	1	0	0	1	1
5508	2	.	1	0	0	0	1	1	1	1	1
5509	2	0	1	1	0	0	1	1	1	1	1
5512	2	0	0	0	0	0	0	1	1	1	0
5514	2	.	.	.	.	.	.	.	.	.	.
5515	2	0	1	1	1	1	1	1	1	1	1
5517	2	0	1	1	1	1	1	0	1	1	0
5519	2	0	1	1	1	1	1	1	1	1	0
5521	2	0	1	1	1	0	0	1	0	1	1
5524	2	0	.	.	.	.	.	.	.	.	.
5527	2	0	1	1	1	1	1	1	1	1	1
5528	2	0	0	1	1	0	1	0	0	1	1
5530	2	0	1	1	1	1	1	1	1	1	1
5533	2	.	.	.	.	.	.	.	.	.	.
5535	2	0	1	1	1	1	1	1	1	1	1
5538	2	1	1	0	1	1	1	1	1	1	1
5540	2	0	0	1	1	0	0	1	1	1	1
5542	2	0	1	1	1	0	1	0	1	0	0
5543	2	0	0	1	1	1	1	1	0	1	1
5545	2	0	.	.	.	.	.	.	.	.	.
5546	2	0	1	1	1	1	1	1	1	1	1
5547	2	.	0	0	1	0	1	0	0	0	0
5548	2	0	0	0	0	0	.	0	0	0	.
5551	2	0	1	1	0	0	0	0	0	1	1
5553	2	0	.	.	.	.	.	.	.	.	.
5560	2	.	0	0	0	1	1	0	0	0	0
5564	2	0	0	0	1	0	0	0	0	1	0
5565	2	0	0	0	0	1	1	0	0	0	0
5566	2	0	1	1	1	1	0	0	1	1	1
5567	2	.	1	1	1	1	1	1	0	1	1
5570	2	0	.	.	.	.	.	.	.	.	.
5572	2	0	1	1	0	1	1	1	1	0	1
5573	2	.	1	1	1	0	0	1	1	1	1
5574	2	.	1	1	1	1	1	1	1	1	1
5576	2	0	1	1	0	1	1	1	0	1	1
5577	2	0	0	0	1	0	0	0	0	0	0
5578	2	0	1	1	1	0	0	1	1	1	1
5580	2	0	0	1	1	1	1	0	0	1	0
5581	2	0	1	1	1	0	0	1	1	1	1
5582	2	0	1	0	1	0	1	1	0	1	1
5583	2	.	1	1	1	0	0	1	1	1	1
5586	2	0	0	0	0	0	0	0	0	0	1
5589	2	0	.	.	.	.	.	.	.	.	.
5590	2	0	1	1	1	1	1	1	1	1	1
5591	2	0	1	1	1	1	1	1	1	1	1
5592	2	.	1	1	1	1	1	1	1	1	1
5593	2	.	1	0	1	0	0	0	1	1	1
5594	2	.	0	1	1	1	1	1	1	1	1
5595	2	0	.	.	.	.	.	.	.	.	.
5596	2	0	1	0	1	0	0	1	1	1	1
5597	2	0	1	1	1	0	0	0	0	0	0
5598	2	0	0	1	1	0	0	.	0	1	0
5602	2	0	0	1	0	0	1	1	0	1	1
5603	2	0	0	0	1	0	0	1	0	0	0
5605	2	.	.	.	.	.	.	.	.	.	.
5607	2	.	1	1	1	1	1	1	0	1	1
5610	2	.	.	.	.	.	.	.	.	.	.
5611	2	1	1	0	0	0	1	1	0	1	1
5612	2	0	1	1	1	1	1	0	1	0	1
5613	2	0	1	1	1	1	1	1	1	1	1
5618	2	1	1	1	1	1	1	1	1	1	1
5620	2	0	1	1	1	1	1	0	0	1	1
5621	2	0	1	0	1	0	0	1	1	1	1
5622	2	.	1	1	1	1	1	1	1	1	1
5623	2	0	0	0	0	0	1	0	1	0	1
5627	2	.	0	1	1	0	0	1	1	1	0
5629	2	0	0	1	1	0	1	1	1	1	1
5630	2	.	1	1	1	1	1	1	1	1	1
5634	2	0	1	1	1	1	1	1	1	1	1
5635	2	0	0	0	1	0	1	0	0	1	1
5636	2	0	.	.	.	.	.	.	.	.	.
5638	2	0	1	1	1	1	1	1	1	1	1
5639	2	.	1	0	0	0	0	1	1	1	0
5640	2	0	0	0	1	0	1	0	0	1	0
5642	2	.	1	1	1	1	1	1	0	0	1
5643	2	.	.	.	.	.	.	.	.	.	.
5644	2	.	.	.	.	.	.	.	.	.	.
5645	2	0	1	1	1	1	1	1	1	1	1
5649	2	0	0	0	1	0	1	1	1	1	1
5650	2	.	0	1	1	1	1	1	1	1	0
5651	2	0	0	0	1	0	1	1	1	1	1
5653	2	0	1	0	1	0	0	0	1	1	1
5658	2	1	1	0	0	1	0	1	1	1	1
5659	2	0	1	1	1	0	0	1	1	1	1
5665	2	0	1	0	1	1	1	1	1	1	1
5668	2	1	1	1	1	1	1	1	1	1	1
5669	2	.	1	1	1	1	1	1	.	1	1
5670	2	.	1	1	1	1	1	1	0	1	1
5671	2	0	1	1	1	0	1	1	1	1	1
5675	2	.	1	1	1	1	1	1	1	0	1
5680	2	0	1	1	1	1	1	1	1	1	1
5681	2	0	1	0	1	0	1	1	1	1	1
5682	2	0	1	1	1	0	1	1	1	1	1
5684	2	0	0	1	1	1	1	0	0	1	0
5686	2	0	1	1	1	1	1	1	1	0	0
5688	2	.	.	.	.	.	.	.	.	.	.
5689	2	0	0	0	1	0	0	1	0	0	0
5692	2	0	1	1	1	1	1	0	1	0	0
5697	2	0	.	.	.	.	.	.	.	.	.
5698	2	0	1	1	1	0	1	1	1	1	1
5699	2	.	1	1	1	.	1	1	1	1	1
5700	2	0	0	1	0	1	1	1	0	1	0
5701	2	0	1	1	1	1	1	1	1	1	1
5703	2	0	1	1	1	1	1	1	1	1	1
5704	2	.	0	0	0	0	0	1	1	1	1
5706	2	0	.	.	.	.	.	.	.	.	.
5711	2	.	0	0	1	1	1	1	1	0	0
5713	2	0	1	1	1	1	1	0	0	1	1
5716	2	.	1	1	1	1	1	1	1	1	1
5717	2	0	1	1	0	1	1	1	0	0	0
5718	2	0	1	1	1	1	1	1	1	0	0
5719	2	1	1	1	1	1	1	1	1	1	1
5720	2	0	1	1	1	1	1	1	1	1	1
5722	2	0	0	0	0	0	1	1	1	1	1
5723	2	0	0	0	0	0	0	1	1	1	1
5726	2	0	1	1	1	1	1	1	0	0	0
5727	2	0	1	0	1	1	1	1	1	1	1
5728	2	.	1	1	1	1	1	1	0	1	1
5729	2	0	0	1	0	1	1	0	0	0	0
5735	2	.	1	1	1	1	0	1	1	1	1
5736	2	1	1	1	1	0	0	0	1	0	1
5737	2	0	0	0	0	1	1	1	1	1	1
5738	2	.	1	1	1	0	1	1	1	1	1
5739	2	0	1	1	1	1	1	1	1	0	1
5741	2	0	.	.	.	.	.	.	.	.	.
5742	2	0	.	.	.	.	.	.	.	.	.
5746	2	0	1	1	1	0	1	1	1	1	1
5750	2	.	0	0	0	0	0	1	0	0	0
5756	2	.	1	1	1	.	0	0	1	1	1
5757	2	0	0	1	0	0	0	1	0	0	0
5760	2	.	1	1	1	1	1	1	1	.	1
5761	2	.	.	.	.	.	.	.	.	.	.
5762	2	0	0	1	1	1	1	1	1	1	1
5765	2	0	1	1	1	1	1	0	1	1	0
5768	2	0	.	.	.	.	.	.	.	.	.
5771	2	0	0	1	1	1	1	1	0	1	1
5773	2	0	1	1	1	0	1	1	1	0	0
5775	2	0	1	1	1	0	0	1	1	1	1
5776	2	0	0	0	0	0	1	0	0	0	0
5777	2	0	0	0	0	0	1	1	.	.	1
5779	2	0	1	1	1	1	1	1	1	1	1
5780	2	0	1	1	1	0	1	1	1	1	1
5781	2	0	0	0	1	0	0	1	0	0	1
5784	2	0	1	1	1	0	1	1	1	1	1
5785	2	1	1	1	0	0	0	1	1	1	1
5787	2	0	0	1	0	0	1	1	1	0	1
5788	2	0	1	0	0	1	0	1	1	1	0
5789	2	0	1	1	1	1	1	1	1	1	1
5790	2	0	1	1	1	1	1	1	1	1	1
5793	2	0	1	0	1	0	0	1	1	1	1
5794	2	0	1	1	1	0	0	1	1	1	1
5800	2	1	1	1	1	1	1	1	1	1	1
5801	2	0	1	1	1	1	1	0	0	1	0
5805	2	0	1	1	1	0	0	1	1	1	1
5806	2	0	1	1	1	1	1	1	1	.	1
5808	2	.	.	.	.	.	.	.	.	.	.
5809	2	.	0	0	0	0	1	0	0	1	1
5813	2	0	1	1	1	0	1	1	1	1	1
5814	2	.	.	.	.	.	.	.	.	.	.
5817	2	0	1	.	0	0	0	0	0	0	0
5819	2	0	1	0	1	1	1	1	1	1	1
5821	2	.	0	1	0	0	0	1	0	1	1
5824	2	0	1	0	0	0	0	1	0	0	0
5825	2	.	1	1	1	1	1	1	1	1	1
5827	2	0	0	0	0	1	0	1	1	1	0
5828	2	0	1	1	1	1	1	1	1	1	1
5829	2	0	1	1	1	1	1	1	1	1	1
5830	2	0	0	1	1	1	1	1	1	1	1
5831	2	0	0	0	1	0	0	1	1	0	1
5832	2	0	0	0	0	0	0	1	1	1	1
5833	2	0	0	1	1	1	1	1	1	1	1
5834	2	.	1	1	1	1	1	1	1	1	1
5835	2	0	1	1	1	1	1	1	1	1	1
5836	2	0	0	0	1	0	1	0	0	0	0
5837	2	0	1	1	1	1	1	1	1	1	1
5838	2	0	1	0	0	1	0	0	0	0	0
5841	2	0	1	1	1	1	1	1	1	1	1
5842	2	0	1	1	1	1	1	0	0	0	0
5844	2	0	1	1	1	1	1	1	1	1	0
5846	2	.	1	1	1	0	1	1	1	1	1
5847	2	0	1	0	1	0	0	1	1	1	1
5848	2	0	.	.	.	.	.	.	.	.	.
5849	2	.	1	1	1	1	1	1	1	1	1
5851	2	.	0	1	1	1	1	1	1	1	1
5852	2	.	0	0	1	1	1	0	0	1	1
5855	2	.	1	1	1	0	0	1	1	1	1
5857	2	0	1	1	1	1	1	0	1	1	0
5858	2	0	1	1	1	0	.	0	0	1	0
5859	2	0	1	0	1	1	1	1	1	1	1
5860	2	.	0	0	1	0	0	0	1	1	0
5864	2	0	0	1	1	1	1	1	0	0	0
5865	2	0	0	0	0	1	1	0	0	0	0
5866	2	.	.	.	.	.	.	.	.	.	.
5867	2	.	0	0	0	0	0	1	1	0	0
5869	2	0	.	.	.	.	.	.	.	.	.
5871	2	0	0	0	0	1	1	1	1	0	1
5873	2	0	1	1	1	1	1	0	0	1	1
5874	2	0	0	1	1	1	1	0	0	.	.
5875	2	0	0	0	0	1	1	0	0	0	0
5879	2	0	1	1	1	1	1	1	1	1	1
5881	2	0	0	1	1	1	1	1	1	1	1
5882	2	.	0	0	0	1	1	0	1	1	1
5886	2	0	1	1	1	1	1	1	0	1	1
5888	2	0	1	1	1	1	1	1	1	1	1
5890	2	1	1	0	1	1	1	1	1	0	1
5891	2	0	.	.	.	.	.	.	.	.	.
5894	2	0	1	1	1	1	1	0	0	0	0
5895	2	0	1	1	1	1	1	0	0	1	1
5897	2	.	1	1	1	1	1	1	1	1	1
5898	2	0	0	1	1	0	1	1	1	0	0
5900	2	0	0	0	1	1	1	1	1	1	0
5901	2	0	1	1	1	1	1	1	0	1	1
5902	2	.	1	1	1	1	1	0	1	.	1
5903	2	0	0	0	0	0	1	1	1	1	1
5911	2	0	0	0	0	1	1	1	1	1	1
5913	2	.	1	1	1	1	1	1	1	1	1
5914	2	0	1	1	0	0	0	.	0	0	1
5916	2	0	.	.	.	.	.	.	.	.	.
5917	2	.	1	1	1	1	1	.	0	1	0
5919	2	0	0	0	0	0	0	1	0	1	0
5920	2	.	1	1	1	1	1	1	1	1	1
5921	2	0	1	1	1	.	0	0	0	1	1
5924	2	0	0	1	0	0	0	0	1	1	1
5925	2	0	0	0	1	0	1	0	1	1	1
5926	2	.	.	.	.	.	.	.	.	.	.
5931	2	0	0	0	1	0	1	0	0	1	1
5934	2	0	1	1	1	0	1	1	1	1	1
5935	2	0	.	.	.	.	.	.	.	.	.
5939	2	0	0	0	0	0	1	0	0	1	1
5940	2	.	1	1	1	1	1	1	1	1	1
5941	2	.	1	0	1	0	0	1	0	1	1
5942	2	.	1	1	1	1	1	0	0	1	0
5943	2	.	.	.	.	.	.	.	.	.	.
5948	2	0	0	1	1	1	1	1	1	1	1
5950	2	0	.	.	.	.	.	.	.	.	.
5952	2	.	1	1	1	1	1	1	1	1	1
5953	2	0	1	1	1	1	1	1	1	.	1
5955	2	0	1	1	0	1	1	1	1	1	1
5957	2	0	0	0	0	1	1	0	0	0	0
5958	2	.	0	0	1	1	1	1	1	1	1
5960	2	1	0	0	1	1	1	0	1	1	1
5961	2	0	0	0	0	1	0	0	0	0	0
5962	2	1	1	1	1	1	1	0	1	1	0
5964	2	1	1	1	1	0	1	1	1	1	1
5966	2	.	1	1	1	1	1	1	0	0	0
5968	2	0	1	0	1	1	1	1	1	0	1
5969	2	0	1	1	1	1	1	1	1	1	1
5972	2	.	0	0	0	0	0	1	1	1	1
5973	2	0	1	1	1	1	1	0	1	1	1
5976	2	.	1	1	1	1	1	1	1	1	1
5980	2	0	1	1	1	1	1	1	1	1	1
5981	2	0	0	0	0	1	1	0	0	0	0
5983	2	0	1	1	1	1	0	0	0	0	1
5986	2	0	0	0	1	0	1	0	0	1	0
5987	2	0	1	1	1	1	1	1	1	1	1
5988	2	.	1	1	1	0	0	1	1	1	1
5990	2	0	0	0	1	1	1	0	1	0	0
5991	2	.	.	.	.	.	.	.	.	.	.
5993	2	0	0	0	0	0	1	0	0	0	0
5994	2	0	1	1	1	1	1	1	1	0	0
5997	2	0	0	0	0	1	1	1	1	1	1
6000	2	0	1	1	1	1	1	1	1	0	1
6002	2	0	1	1	1	1	1	1	0	1	1
6003	2	0	0	0	0	1	1	1	1	1	1
6004	2	0	1	1	1	1	1	1	1	1	1
6006	2	0	1	0	1	1	1	1	1	1	1
6011	2	0	1	1	1	1	1	1	1	1	1
6013	2	0	1	1	1	1	1	1	1	1	1
6014	2	.	0	0	0	0	0	1	1	1	1
6015	2	0	.	.	.	.	.	.	.	.	.
6021	2	0	1	1	1	0	1	1	1	1	1
6022	2	.	0	1	1	1	1	0	0	1	0
6026	2	0	1	1	1	1	1	1	1	1	1
6029	2	0	1	1	1	1	0	1	1	1	1
6030	2	0	.	.	.	.	.	.	.	.	.
6031	2	0	0	1	1	1	1	0	0	0	0
6032	2	0	1	1	1	1	1	1	1	1	1
6033	2	0	0	1	0	1	1	.	0	0	0
6037	2	.	1	1	1	1	1	1	0	1	1
6038	2	0	.	.	.	.	.	.	.	.	.
6041	2	0	.	.	.	.	.	.	.	.	.
6042	2	0	.	.	.	.	.	.	.	.	.
6044	2	0	1	1	0	0	1	1	1	1	1
6045	2	0	1	1	1	1	1	1	1	1	1
6046	2	0	1	1	1	1	1	1	1	1	1
6047	2	.	1	1	1	0	1	0	1	1	0
6048	2	0	1	1	1	0	0	1	1	1	0
6050	2	0	.	.	.	.	.	.	.	.	.
6051	2	0	.	.	.	.	.	.	.	.	.
6052	2	0	0	0	0	0	1	1	1	1	0
6055	2	0	1	0	1	0	0	0	0	0	0
6062	2	.	1	1	1	1	1	0	0	1	1
6066	2	0	1	1	1	1	1	1	0	0	1
6072	2	0	1	1	1	1	1	1	1	.	1
6073	2	.	.	.	.	.	.	.	.	.	.
6074	2	0	1	1	1	.	1	1	1	1	0
6079	2	0	.	.	.	.	.	.	.	.	.
6080	2	0	1	1	1	1	1	1	1	1	1
6081	2	0	1	1	1	1	1	1	0	0	1
6083	2	0	0	0	0	0	0	1	1	1	1
6085	2	0	0	0	1	0	1	1	1	1	1
6087	2	0	1	1	1	1	1	1	1	1	1
6088	2	.	0	1	1	1	1	1	1	1	1
6091	2	0	1	1	1	1	1	1	1	1	1
6092	2	0	0	0	0	0	0	0	0	0	0
6093	2	0	1	0	1	0	0	0	0	1	1
6095	2	.	1	1	1	1	1	1	1	1	1
6097	2	0	.	.	.	.	.	.	.	.	.
6098	2	0	1	1	1	1	1	0	1	1	1
6100	2	0	0	1	1	1	1	0	0	1	0
6101	2	0	1	1	1	0	0	1	1	1	1
6102	2	0	1	1	1	0	1	1	1	1	1
6103	2	0	1	1	1	0	1	1	0	0	1
6105	2	.	1	1	1	1	1	1	1	1	1
6106	2	0	.	.	.	.	.	.	.	.	.
6107	2	.	.	.	.	.	.	.	.	.	.
6109	2	0	0	1	1	0	1	0	0	0	0
6110	2	0	0	1	1	1	1	1	1	1	1
6111	2	0	1	1	1	1	1	1	1	1	1
6115	2	0	.	.	.	.	.	.	.	.	.
6116	2	0	1	1	1	1	1	1	1	1	1
6119	2	0	.	.	.	.	.	.	.	.	.
6121	2	0	0	0	1	0	0	1	1	1	1
6122	2	1	.	.	.	.	.	.	.	.	.
6124	2	.	1	0	1	0	0	1	1	1	1
6127	2	0	1	0	1	0	1	1	1	1	1
6128	2	.	1	0	0	0	0	1	0	0	0
6131	2	.	0	0	0	0	0	0	0	0	1
6134	2	0	.	.	.	.	.	.	.	.	.
6139	2	0	1	1	1	1	1	1	0	0	1
6140	2	.	0	0	0	1	0	1	0	1	0
6141	2	0	0	1	0	0	0	1	0	0	0
6142	2	0	0	0	1	1	1	0	0	1	1
6146	2	1	1	1	1	0	1	1	1	1	0
6147	2	0	1	1	1	1	1	1	1	1	1
6151	2	0	.	.	.	.	.	.	.	.	.
6152	2	.	1	1	1	0	1	0	0	0	0
6154	2	0	.	.	.	.	.	.	.	.	.
6155	2	0	1	1	1	1	1	1	1	1	1
6156	2	0	1	1	1	1	1	1	1	1	1
6158	2	0	0	0	0	0	0	1	1	.	1
6159	2	.	1	0	0	0	1	1	0	0	0
6160	2	0	0	1	1	1	1	1	0	1	1
6163	2	0	.	.	.	.	.	.	.	.	.
6164	2	0	1	1	1	0	1	1	1	0	1
6166	2	.	1	1	0	1	1	1	1	1	1
6167	2	0	1	1	1	.	1	1	1	1	1
6171	2	1	1	1	1	0	0	0	1	1	1
6172	2	0	0	1	1	1	1	1	1	1	1
6175	2	0	.	.	.	.	.	.	.	.	.
6177	2	0	1	1	1	0	1	1	0	1	1
6183	2	.	1	1	0	1	1	1	0	0	0
6184	2	0	1	1	1	1	1	0	1	1	0
6192	2	0	1	1	1	1	0	0	1	1	1
6196	2	0	1	1	1	1	1	1	1	1	0
6197	2	.	1	1	1	0	1	0	1	1	0
6203	2	.	1	1	1	0	0	1	1	1	1
6205	2	.	0	0	0	0	0	0	0	1	1
6206	2	.	.	.	.	.	.	.	.	.	.
6207	2	1	0	0	0	0	0	0	0	0	0
6208	2	1	1	1	1	0	1	1	1	1	1
6211	2	0	1	1	1	1	1	1	1	1	1
6212	2	0	0	0	0	0	1	1	1	1	1
6213	2	0	1	1	1	0	1	1	0	1	1
6216	2	.	1	1	0	1	1	1	0	1	1
6217	2	0	.	.	.	.	.	.	.	.	.
6219	2	0	1	1	1	1	1	1	1	1	1
6220	2	0	0	0	1	1	1	1	0	1	1
6221	2	1	.	.	.	.	.	.	.	.	.
6223	2	.	1	1	1	0	0	1	1	1	1
6226	2	0	.	.	.	.	.	.	.	.	.
6229	2	0	0	0	.	0	1	1	1	1	1
6230	2	.	1	1	1	1	1	1	1	1	1
6232	2	.	1	1	1	1	1	0	1	1	1
6234	2	0	1	0	0	0	0	0	0	0	0
6239	2	1	.	.	.	.	.	.	.	.	.
6243	2	0	1	1	1	0	0	1	1	1	1
6246	2	0	0	0	0	0	0	0	0	0	0
6248	2	0	1	1	0	0	1	0	1	1	1
6249	2	0	.	.	.	.	.	.	.	.	.
6250	2	0	0	0	1	0	0	0	0	0	0
6253	2	0	1	1	1	1	1	0	0	1	0
6256	2	.	1	1	1	1	1	1	0	1	1
6257	2	0	.	.	.	.	.	.	.	.	.
6259	2	0	1	1	1	.	1	0	1	1	0
6260	2	.	1	1	1	1	1	1	1	1	1
6261	2	0	0	0	0	0	0	1	1	1	1
6262	2	0	.	.	.	.	.	.	.	.	.
6264	2	0	0	0	1	1	1	1	1	1	1
6266	2	0	1	1	1	1	1	1	1	1	1
6268	2	0	1	1	1	0	1	1	1	0	0
6269	2	0	1	1	1	0	0	1	1	1	1
6270	2	0	0	0	0	1	1	0	0	0	0
6271	2	0	0	0	0	0	0	1	0	0	1
6275	2	0	.	.	.	.	.	.	.	.	.
6276	2	0	1	1	1	1	1	1	0	1	1
6277	2	.	1	0	1	0	0	1	1	1	1
6278	2	0	0	0	0	0	1	0	1	1	0
6281	2	.	1	1	1	1	1	1	1	1	1
6284	2	1	1	1	1	1	1	1	1	1	1
6285	2	1	1	1	0	0	0	1	1	0	1
6286	2	1	1	1	1	1	1	1	1	0	1
6287	2	.	.	.	.	.	.	.	.	.	.
6288	2	0	1	1	0	0	1	1	1	1	0
6292	2	0	1	1	1	.	1	1	1	1	1
6294	2	0	1	1	1	1	1	0	0	1	1
6295	2	.	0	0	1	0	0	1	1	1	1
6296	2	0	0	1	1	0	0	0	0	1	1
6297	2	0	1	1	1	0	0	1	1	1	1
6299	2	0	1	1	1	1	1	1	1	0	1
6304	2	0	.	.	.	.	.	.	.	.	.
6305	2	0	1	1	1	1	1	1	1	1	1
6306	2	.	1	0	0	1	1	1	0	1	0
6307	2	0	0	0	0	0	1	1	1	1	1
6309	2	0	.	.	.	.	.	.	.	.	.
6311	2	.	1	1	1	0	0	0	0	0	0
6315	2	.	1	1	1	1	1	0	0	0	0
6316	2	.	1	1	1	0	1	1	1	1	0
6317	2	0	.	.	.	.	.	.	.	.	.
6319	2	0	1	0	1	0	.	1	1	1	1
6321	2	0	1	1	1	1	1	1	0	1	1
6322	2	0	0	0	0	0	1	1	1	1	1
6327	2	0	1	1	1	0	0	1	1	1	1
6328	2	.	0	1	0	0	1	0	.	0	0
6333	2	0	1	1	1	1	1	1	1	1	1
6334	2	0	1	1	1	1	1	1	1	1	1
6337	2	0	1	1	1	1	1	1	0	1	0
6338	2	.	.	.	.	.	.	.	.	.	.
6341	2	0	.	.	.	.	.	.	.	.	.
6343	2	0	0	0	1	1	1	1	1	0	1
6345	2	0	0	0	1	1	1	1	0	0	0
6346	2	0	1	1	1	1	1	0	0	1	1
6347	2	.	1	0	0	0	0	1	1	1	0
6348	2	0	1	1	1	0	1	1	0	.	1
6349	2	0	.	.	.	.	.	.	.	.	.
6350	2	.	1	1	0	1	0	1	1	0	0
6352	2	0	1	1	1	1	1	0	1	0	0
6354	2	1	.	.	.	.	.	.	.	.	.
6356	2	0	1	1	1	1	1	0	0	0	0
6357	2	.	1	1	1	0	0	1	1	0	1
6360	2	0	1	1	1	1	1	1	1	1	1
6361	2	0	1	1	1	.	1	1	1	1	1
6363	2	0	0	1	0	0	0	0	0	0	0
6365	2	0	1	1	1	1	1	0	1	1	1
6366	2	.	1	1	1	0	1	1	1	1	1
6369	2	0	0	0	.	0	0	1	1	1	1
6370	2	.	1	0	0	0	1	1	1	1	1
6371	2	1	1	1	1	0	1	1	1	1	1
6372	2	.	.	.	.	.	.	.	.	.	.
6374	2	0	1	1	1	0	1	1	1	1	1
6375	2	0	1	1	1	1	1	1	1	1	1
6378	2	.	0	1	1	0	1	1	1	1	0
6379	2	.	0	0	0	0	1	0	0	0	0
6383	2	0	0	0	0	0	0	1	0	1	1
6385	2	0	1	1	1	0	0	1	1	1	1
6387	2	0	1	1	1	1	1	1	1	1	1
6389	2	0	1	1	1	0	0	0	0	0	.
6390	2	0	1	1	1	0	0	1	1	1	1
6394	2	.	0	0	0	.	0	0	0	0	0
6396	2	.	.	.	.	.	.	.	.	.	.
6398	2	0	1	1	1	1	1	1	1	1	1
6401	2	0	1	1	1	1	1	0	1	1	0
6402	2	.	1	0	1	0	0	1	0	1	1
6404	2	0	1	1	0	0	1	0	1	1	0
6406	2	0	1	1	1	1	1	1	1	1	1
6407	2	0	1	1	0	1	0	1	0	0	0
6414	2	0	1	1	1	1	1	1	1	1	1
6415	2	0	0	1	0	1	1	0	0	0	0
6416	2	0	0	0	0	1	1	0	0	0	0
6417	2	0	0	0	1	1	1	1	0	1	1
6418	2	0	0	0	1	0	0	1	0	1	1
6420	2	0	0	1	1	1	1	0	0	0	0
6422	2	0	0	0	0	0	0	0	0	0	0
6423	2	0	1	1	1	0	1	1	0	1	1
6424	2	0	1	1	1	1	1	0	1	0	0
6426	2	.	1	1	1	1	1	0	1	1	1
6432	2	0	1	1	1	1	1	1	1	1	1
6433	2	0	1	1	1	1	0	1	1	1	1
6435	2	.	1	1	1	1	1	1	1	1	1
6436	2	.	1	0	0	0	0	1	1	1	1
6437	2	0	1	1	1	0	0	1	0	1	1
6440	2	0	1	1	0	1	0	1	1	1	0
6442	2	0	0	0	0	1	1	1	0	1	0
6443	2	0	.	.	.	.	.	.	.	.	.
6447	2	1	1	1	1	1	1	1	1	1	1
6448	2	.	1	1	0	0	0	1	1	.	0
6450	2	0	1	1	1	1	0	0	0	0	0
6451	2	0	0	0	0	1	1	1	1	0	1
6453	2	0	0	0	0	0	0	0	0	0	0
6455	2	0	1	0	1	1	1	1	1	1	1
6456	2	.	0	0	1	0	0	1	0	0	1
6457	2	0	.	.	.	.	.	.	.	.	.
6458	2	.	1	1	1	1	1	0	1	0	0
6459	2	.	1	1	0	1	0	1	1	0	0
6463	2	0	1	1	1	1	1	1	1	1	1
6464	2	0	0	0	0	1	1	0	0	0	0
6465	2	0	0	0	1	1	1	1	1	0	1
6467	2	.	.	.	.	.	.	.	.	.	.
6469	2	0	1	1	1	1	1	1	1	0	1
6470	2	0	1	1	1	1	0	1	0	1	1
6471	2	.	.	.	.	.	.	.	.	.	.
6473	2	0	1	1	0	0	0	1	1	1	1
6474	2	0	0	0	0	0	1	1	1	1	1
6479	2	0	.	.	.	.	.	.	.	.	.
6480	2	0	1	1	1	1	1	1	1	1	1
6481	2	0	1	0	0	0	0	1	0	1	0
6485	2	0	1	1	1	1	0	0	0	1	1
6486	2	0	0	0	1	0	1	1	1	0	0
6489	2	0	1	1	1	1	0	1	0	0	1
6490	2	0	1	1	1	1	1	1	1	1	1
6493	2	0	0	0	1	1	1	1	1	1	0
6496	2	0	.	.	.	.	.	.	.	.	.
6499	2	0	0	0	1	1	1	1	1	1	1
6504	2	0	.	.	.	.	.	.	.	.	.
6505	2	0	1	1	1	1	1	1	1	1	1
6506	2	0	1	1	1	1	1	1	1	1	1
6510	2	0	1	1	1	1	1	1	1	1	1
6512	2	0	0	0	0	0	0	1	0	0	1
6515	2	0	.	.	.	.	.	.	.	.	.
6516	2	0	0	1	1	0	0	0	0	0	0
6518	2	0	.	.	.	.	.	.	.	.	.
6520	2	0	1	1	1	1	1	1	1	1	1
6522	2	.	1	1	1	1	1	1	1	1	1
6523	2	.	0	0	0	0	0	0	0	0	0
6524	2	0	1	1	1	1	1	1	1	1	1
6526	2	1	1	1	1	1	1	1	1	0	0
6527	2	0	1	1	1	1	1	1	1	1	1
6529	2	0	0	0	1	0	0	1	1	1	1
6530	2	.	.	.	.	.	.	.	.	.	.
6531	2	.	1	1	1	1	1	1	1	1	1
6533	2	0	0	0	0	0	1	0	0	1	0
6534	2	0	1	0	1	1	1	1	0	0	1
6535	2	0	.	.	.	.	.	.	.	.	.
6537	2	.	0	0	1	1	1	1	1	1	1
6538	2	0	1	1	0	1	1	1	1	1	1
6539	2	0	1	0	1	1	0	1	1	1	1
6540	2	0	1	1	1	1	0	0	0	0	0
6541	2	0	0	0	1	0	0	1	1	1	1
6542	2	.	0	0	0	0	0	1	1	0	1
6543	2	.	0	1	0	1	1	1	1	1	0
6545	2	0	1	1	1	1	1	1	1	1	1
6546	2	0	1	1	1	1	1	1	1	1	1
6547	2	0	1	1	1	1	1	1	1	0	1
6549	2	0	1	1	1	0	1	1	1	0	1
6555	2	0	.	.	.	.	.	.	.	.	.
6557	2	0	1	1	1	1	1	1	1	1	1
6560	2	.	.	.	.	.	.	.	.	.	.
6562	2	0	1	1	1	1	1	1	1	1	1
6564	2	.	.	.	.	.	.	.	.	.	.
6565	2	0	1	1	1	1	1	1	1	1	1
6569	2	0	.	.	.	.	.	.	.	.	.
6571	2	0	1	1	1	1	1	0	0	0	1
6572	2	0	0	1	1	1	1	1	0	0	0
6573	2	0	0	0	0	0	0	0	0	0	0
6577	2	0	1	1	1	1	0	1	0	0	1
6578	2	0	1	1	1	1	1	0	1	1	1
6579	2	0	0	0	0	0	0	0	1	1	1
6581	2	0	1	1	1	1	1	1	0	1	1
6585	2	0	1	1	1	1	.	0	0	1	1
6586	2	.	.	.	.	.	.	.	.	.	.
6590	2	0	1	1	1	0	1	1	1	1	1
6591	2	.	0	0	0	0	1	0	0	0	0
6593	2	0	1	0	1	0	1	1	0	1	1
6594	2	0	0	0	1	1	1	1	0	1	0
6595	2	.	1	1	1	1	1	0	0	1	0
6596	2	0	1	1	1	1	1	1	1	1	1
6597	2	0	.	.	.	.	.	.	.	.	.
6599	2	0	1	1	1	1	1	1	1	1	1
6600	2	0	1	1	0	1	1	0	0	0	1
6604	2	0	1	1	1	1	1	0	0	1	1
6606	2	0	1	1	1	0	0	1	1	0	0
6608	2	0	1	1	1	1	1	1	0	0	0
6609	2	0	0	0	0	0	0	0	0	0	0
6610	2	.	1	0	0	0	1	0	1	1	1
6611	2	0	0	0	1	1	1	1	1	1	1
6613	2	0	1	1	1	1	0	1	1	1	1
6616	2	.	.	.	.	.	.	.	.	.	.
6618	2	.	1	1	1	1	1	1	1	1	1
6622	2	.	0	1	.	0	0	1	1	1	1
6627	2	0	.	.	.	.	.	.	.	.	.
6628	2	.	1	1	1	0	1	0	0	1	1
6629	2	0	0	1	1	0	0	1	1	1	1
6630	2	0	0	0	0	0	0	1	1	1	1
6632	2	.	.	.	.	.	.	.	.	.	.
6634	2	.	.	.	.	.	.	.	.	.	.
6638	2	0	1	1	1	1	1	1	1	1	1
6639	2	0	0	0	0	0	0	0	0	0	0
6640	2	.	1	1	1	0	0	1	1	1	1
6641	2	0	0	1	1	1	1	0	0	0	0
6642	2	0	1	1	1	1	1	0	0	1	1
6643	2	.	.	.	.	.	.	.	.	.	.
6644	2	.	1	0	1	1	1	1	1	1	0
6645	2	0	1	1	1	1	1	1	0	1	1
6647	2	.	1	1	1	1	1	1	1	1	1
6649	2	0	1	1	1	0	1	0	1	0	0
6650	2	.	.	.	.	.	.	.	.	.	.
6651	2	0	1	1	1	0	1	1	1	1	1
6652	2	.	0	0	0	1	1	0	0	1	0
6655	2	0	1	1	1	1	1	.	.	.	.
6660	2	0	1	1	1	1	1	1	1	1	1
6664	2	.	1	0	1	1	1	1	0	1	1
6667	2	0	0	1	1	1	1	1	1	1	1
6669	2	.	1	1	1	1	1	1	1	0	1
6670	2	0	1	1	0	1	1	1	1	1	1
6671	2	.	0	1	1	1	1	0	0	0	0
6673	2	0	0	0	0	0	0	1	1	1	1
6675	2	.	1	1	1	1	0	0	0	1	1
6676	2	.	0	1	1	1	0	1	0	1	1
6678	2	0	1	1	1	0	1	1	1	1	1
6680	2	0	0	1	1	0	1	0	0	1	1
6683	2	.	0	0	1	0	0	1	0	1	0
6685	2	0	0	0	0	0	0	1	1	1	1
6686	2	0	1	1	1	0	1	1	1	1	1
6687	2	.	1	1	1	0	0	0	0	0	0
6688	2	.	0	1	0	0	1	0	0	1	1
6689	2	.	1	1	1	.	.	.	.	.	1
6690	2	0	.	.	.	.	.	.	.	.	.
6692	2	0	1	1	1	0	1	1	0	1	.
6693	2	0	1	1	1	1	1	1	0	0	1
6694	2	0	1	1	0	1	1	1	1	1	1
6695	2	.	1	1	1	1	1	1	1	1	1
6697	2	.	.	.	.	.	.	.	.	.	.
6698	2	0	1	1	1	0	0	0	0	0	0
6699	2	0	1	1	1	1	1	1	1	1	1
6700	2	0	.	.	.	.	.	.	.	.	.
6701	2	.	0	1	1	0	1	1	1	1	1
6702	2	0	0	0	0	0	0	1	0	1	0
6703	2	.	1	1	1	1	1	0	0	0	0
6704	2	.	0	0	0	0	1	1	1	1	1
6708	2	0	.	.	.	.	.	.	.	.	.
6709	2	0	1	1	1	1	1	1	1	1	1
6712	2	0	1	1	1	1	1	1	1	1	1
6713	2	0	0	1	1	1	1	0	1	1	0
6714	2	0	1	0	1	0	0	0	0	0	0
6715	2	0	0	0	0	0	1	1	1	1	1
6719	2	0	0	1	1	1	1	1	1	1	1
6720	2	0	1	1	1	1	1	1	1	1	1
6721	2	0	1	1	1	0	0	1	0	1	1
6722	2	0	.	.	.	.	.	.	.	.	.
6723	2	.	1	1	1	1	1	1	1	1	1
6725	2	0	1	1	1	1	1	1	1	1	1
6727	2	0	0	1	1	1	1	0	1	1	1
6728	2	0	1	1	1	0	0	1	1	1	1
6731	2	.	1	1	1	0	1	1	1	1	0
6737	2	.	.	.	.	.	.	.	.	.	.
6740	2	.	.	.	.	.	.	.	.	.	.
6741	2	.	.	.	.	.	.	.	.	.	.
6742	2	.	0	1	1	0	0	1	1	0	0
6744	2	0	0	0	0	0	0	0	0	1	1
6745	2	.	.	.	.	.	.	.	.	.	.
6748	2	0	.	.	.	.	.	.	.	.	.
6749	2	0	.	.	.	.	.	.	.	.	.
6752	2	1	1	1	0	0	1	0	1	1	1
6753	2	.	.	.	.	.	.	.	.	.	.
6756	2	0	.	.	.	.	.	.	.	.	.
6759	2	0	.	.	.	.	.	.	.	.	.
6760	2	.	0	0	0	0	0	0	0	0	0
6763	2	0	.	.	.	.	.	.	.	.	.
6766	2	0	1	1	1	0	1	1	1	1	1
6770	2	.	.	.	.	.	.	.	.	.	.
6773	2	.	1	1	0	1	1	1	1	1	1
6774	2	0	.	.	.	.	.	.	.	.	.
6775	2	0	1	1	1	1	1	1	1	1	1
6776	2	0	1	1	1	1	1	1	1	1	1
6777	2	0	1	1	1	1	0	1	1	1	1
6779	2	0	1	1	1	0	0	0	0	1	1
6780	2	0	0	0	0	0	0	1	1	1	1
6781	2	1	0	1	1	0	1	1	1	1	1
6784	2	0	1	1	1	1	1	1	0	0	0
6785	2	0	1	1	1	1	1	1	1	0	0
6787	2	0	1	1	1	1	1	1	1	1	1
6788	2	1	1	1	1	1	0	1	1	1	1
6789	2	.	0	0	0	0	1	0	0	0	0
6793	2	.	1	1	1	1	0	1	1	1	1
6795	2	0	1	1	1	1	1	1	0	1	1
6796	2	0	1	1	1	1	1	1	1	1	1
6798	2	0	0	1	0	0	0	1	1	1	1
6799	2	0	1	1	1	1	1	1	1	0	0
6800	2	0	1	1	0	1	1	1	0	1	1
6803	2	.	0	0	1	1	1	0	0	0	0
6805	2	.	1	0	1	0	0	1	1	1	0
6806	2	0	1	1	1	.	1	1	1	1	1
6807	2	.	1	1	1	1	1	1	1	1	0
6808	2	0	1	0	.	1	1	1	1	1	1
6809	2	0	1	1	1	0	1	0	0	1	1
6810	2	0	1	1	1	1	1	1	1	1	1
6811	2	0	1	1	1	1	1	1	0	0	1
6812	2	0	0	1	1	0	0	1	1	0	0
6813	2	0	1	1	1	1	1	1	1	1	1
6814	2	0	1	1	0	0	0	1	1	1	1
6815	2	0	0	0	1	.	1	0	0	1	0
6816	2	.	0	0	0	0	1	0	0	0	0
6817	2	0	1	1	1	1	0	0	0	0	0
6819	2	0	1	0	1	0	1	1	0	1	1
6820	2	.	1	1	1	1	1	0	0	1	0
6821	2	0	1	1	1	1	1	1	1	1	1
6822	2	.	0	1	1	0	0	0	0	1	1
6824	2	0	1	1	0	1	0	1	1	0	0
6825	2	.	.	.	.	.	.	.	.	.	.
6835	2	0	1	1	1	0	1	1	1	0	0
6837	2	.	1	1	1	1	1	1	1	1	1
6838	2	0	0	0	0	0	0	0	0	0	0
6839	2	0	.	.	.	.	.	.	.	.	.
6844	2	.	1	0	1	1	0	1	0	1	0
6845	2	0	1	1	1	1	1	1	1	1	1
6846	2	1	.	.	.	.	.	.	.	.	.
6849	2	0	1	1	1	1	1	1	1	1	1
6854	2	0	1	1	1	0	0	0	0	0	0
6856	2	0	1	0	0	1	1	1	1	1	1
6859	2	0	1	1	1	0	1	1	.	0	1
6860	2	0	.	.	.	.	.	.	.	.	.
6862	2	0	1	1	1	1	1	1	1	1	1
6863	2	0	1	1	1	1	1	1	1	1	1
6865	2	0	1	0	1	0	1	1	1	.	1
6866	2	0	1	1	1	1	1	1	1	1	1
6867	2	0	1	0	1	0	1	1	1	1	1
6870	2	0	0	1	1	1	1	1	1	1	1
6871	2	.	1	1	1	0	0	0	0	0	1
6872	2	1	1	1	1	1	1	1	1	1	1
6873	2	0	1	1	1	1	1	1	1	1	1
6874	2	0	0	1	1	1	1	1	1	1	1
6875	2	0	.	.	.	.	.	.	.	.	.
6876	2	.	.	.	.	.	.	.	.	.	.
6877	2	0	.	.	.	.	.	.	.	.	.
6880	2	0	0	1	0	0	0	1	1	1	1
6884	2	.	0	0	0	1	1	0	0	0	0
6887	2	0	0	0	0	0	1	0	0	0	0
6889	2	0	0	1	1	1	0	0	0	0	1
6891	2	.	1	1	1	1	1	1	1	1	1
6892	2	0	1	1	1	1	1	0	0	1	1
6894	2	0	1	1	1	1	1	1	1	1	1
6896	2	.	1	1	1	1	1	1	1	1	1
6898	2	.	1	.	0	0	0	1	0	0	0
6899	2	0	1	1	1	0	1	1	1	1	1
6901	2	0	1	1	1	1	1	1	1	0	1
6902	2	0	1	1	1	1	1	0	0	1	0
6905	2	.	1	1	0	0	1	1	1	1	1
6910	2	0	1	1	1	1	.	1	0	1	1
6911	2	0	1	0	1	1	1	0	1	1	0
6914	2	0	0	1	1	1	1	0	0	.	1
6915	2	0	1	0	0	0	1	1	1	1	1
6917	2	0	1	1	1	0	0	1	1	1	1
6918	2	0	1	1	1	1	1	1	1	0	1
6919	2	.	0	1	0	0	0	1	1	1	1
6920	2	0	1	1	1	0	1	1	1	1	1
6924	2	0	1	1	1	0	1	1	1	0	0
6925	2	0	.	.	.	.	.	.	.	.	.
6927	2	.	1	1	1	1	1	1	1	1	1
6929	2	.	.	.	.	.	.	.	.	.	.
6930	2	0	1	1	0	1	1	0	0	0	1
6931	2	0	0	0	0	0	1	1	1	1	1
6933	2	0	1	1	1	1	1	1	1	1	1
6934	2	.	1	1	1	1	0	0	1	1	1
6937	2	0	0	0	1	1	1	1	1	1	1
6939	2	.	1	1	1	1	0	1	1	1	1
6943	2	.	1	1	1	1	1	1	1	1	1
