    32.000 0 0 0 0 0 1 1 1 1      0.992      0.000      0.000      0.007      0.000    1
    21.000 0 0 0 0 1 1 1 1 1      0.996      0.002      0.000      0.001      0.001    1
    20.000 0 0 1 1 1 1 1 1 1      0.573      0.398      0.000      0.003      0.026    1
    15.000 0 0 1 0 0 1 1 1 1      0.918      0.002      0.000      0.078      0.002    1
    10.000 0 0 0 0 0 1 0 1 1      0.990      0.000      0.007      0.003      0.001    1
    10.000 0 0 1 0 1 1 1 1 1      0.935      0.043      0.000      0.014      0.008    1
     9.000 0 0 0 1 1 1 1 1 1      0.973      0.023      0.000      0.000      0.004    1
     9.000 1 0 1 0 1 1 0 1 1      0.445      0.273      0.001      0.132      0.150    1
     8.000 0 0 0 0 0 0 0 1 1      0.834      0.000      0.161      0.001      0.004    1
     8.000 0 0 1 1 1 1 1 1 0      0.721      0.086      0.002      0.001      0.190    1
     7.000 0 0 0 1 0 1 1 1 1      0.995      0.001      0.000      0.003      0.001    1
     7.000 0 0 1 1 1 1 0 1 0      0.488      0.020      0.032      0.000      0.460    1
     7.000 1 0 0 0 1 1 1 1 1      0.879      0.052      0.000      0.062      0.007    1
     7.000 0 1 0 0 0 1 1 1 1      0.722      0.004      0.000      0.269      0.006    1
     7.000 0 0 1 0 1 1 0 1 1      0.950      0.015      0.002      0.005      0.028    1
     7.000 1 0 0 1 0 1 1 1 1      0.837      0.029      0.000      0.122      0.011    1
     6.000 0 0 0 0 0 1 1 1 0      0.986      0.000      0.010      0.003      0.001    1
     6.000 0 0 0 0 0 0 1 1 1      0.988      0.000      0.007      0.004      0.001    1
     6.000 0 0 1 1 1 1 0 1 1      0.709      0.172      0.001      0.001      0.116    1
     6.000 0 0 1 0 0 1 1 0 1      0.941      0.000      0.004      0.043      0.011    1
     5.000 0 0 0 0 1 0 0 1 1      0.874      0.000      0.111      0.000      0.015    1
     5.000 0 0 1 0 1 0 0 1 1      0.797      0.003      0.046      0.002      0.151    1
     5.000 0 0 0 0 0 1 1 0 1      0.986      0.000      0.009      0.004      0.001    1
     5.000 1 0 1 0 1 1 1 1 0      0.471      0.141      0.001      0.133      0.254    1
     5.000 0 0 1 0 0 1 0 1 1      0.958      0.001      0.003      0.030      0.008    1
     4.000 0 0 0 0 0 1 0 0 1      0.810      0.000      0.186      0.001      0.003    1
     4.000 0 0 0 0 1 1 0 1 1      0.992      0.001      0.004      0.000      0.003    1
     4.000 0 0 0 1 1 0 0 1 1      0.834      0.002      0.086      0.000      0.078    1
     4.000 0 0 1 1 1 0 1 1 1      0.678      0.117      0.001      0.002      0.202    1
     4.000 0 0 0 0 1 0 1 1 0      0.819      0.000      0.159      0.000      0.022    1
     4.000 0 0 1 0 0 1 1 1 0      0.954      0.000      0.004      0.029      0.013    1
     4.000 0 0 0 0 1 1 1 1 0      0.989      0.000      0.007      0.000      0.004    1
     4.000 0 0 0 1 0 1 0 1 1      0.989      0.000      0.005      0.001      0.004    1
     3.000 0 0 0 1 1 1 0 0 1      0.834      0.002      0.103      0.000      0.062    1
     3.000 1 0 0 1 1 1 1 1 1      0.508      0.455      0.000      0.013      0.024    1
     3.000 0 0 1 0 1 1 0 1 0      0.799      0.002      0.063      0.002      0.134    1
     3.000 0 0 1 1 1 1 1 0 1      0.701      0.130      0.002      0.002      0.165    1
     3.000 0 0 0 0 0 1 1 0 0      0.735      0.000      0.259      0.001      0.005    1
     3.000 0 0 0 0 0 1 1 * 1      0.991      0.000      0.002      0.007      0.000    1
     3.000 0 0 0 * 0 1 1 1 1      0.993      0.000      0.000      0.006      0.001    1
     3.000 1 0 0 0 0 1 1 1 0      0.861      0.000      0.006      0.120      0.012    1
     3.000 1 0 1 0 0 0 0 1 1      0.398      0.002      0.026      0.322      0.252    1
     3.000 1 0 0 1 1 1 0 1 1      0.670      0.210      0.002      0.006      0.112    1
     3.000 0 0 0 1 1 1 0 1 1      0.974      0.008      0.003      0.000      0.014    1
     2.000 0 1 0 0 1 1 0 1 1      0.849      0.043      0.005      0.021      0.083    1
     2.000 1 0 0 0 0 0 0 1 1      0.789      0.000      0.111      0.056      0.044    1
     2.000 0 0 1 0 0 0 1 1 1      0.943      0.000      0.003      0.039      0.015    1
     2.000 0 0 1 0 0 1 1 * 1      0.922      0.001      0.001      0.072      0.004    1
     2.000 1 0 1 0 0 1 0 0 1      0.404      0.003      0.031      0.360      0.202    1
     2.000 1 0 0 0 0 1 1 0 0      0.713      0.000      0.183      0.053      0.050    1
     2.000 0 0 0 0 1 1 1 0 1      0.989      0.000      0.006      0.001      0.004    1
     2.000 1 0 0 0 1 1 0 1 0      0.764      0.003      0.096      0.007      0.130    1
     2.000 0 0 0 0 0 0 1 1 0      0.766      0.000      0.227      0.001      0.006    1
     2.000 0 0 1 0 0 0 1 1 0      0.807      0.000      0.109      0.012      0.071    1
     2.000 0 0 1 0 1 1 1 1 0      0.941      0.007      0.003      0.005      0.044    1
     2.000 0 0 0 1 0 0 0 1 1      0.843      0.000      0.133      0.000      0.023    1
     2.000 0 0 1 0 1 1 1 0 0      0.741      0.002      0.078      0.002      0.177    1
     2.000 1 0 0 1 1 1 0 1 0      0.473      0.025      0.049      0.002      0.452    1
     2.000 0 0 0 1 0 1 1 1 0      0.984      0.000      0.008      0.001      0.007    1
     2.000 0 0 0 0 0 1 0 1 0      0.789      0.000      0.207      0.001      0.003    1
     2.000 0 0 0 1 0 1 0 1 0      0.807      0.000      0.173      0.000      0.020    1
     2.000 0 0 1 0 1 0 1 1 1      0.931      0.011      0.002      0.007      0.049    1
     2.000 0 0 1 0 1 1 0 0 1      0.816      0.004      0.056      0.002      0.122    1
     2.000 0 0 1 1 0 0 0 1 1      0.720      0.002      0.052      0.004      0.223    1
     2.000 0 0 0 1 1 1 1 0 1      0.969      0.006      0.005      0.000      0.020    1
     2.000 1 0 0 0 0 1 1 1 1      0.714      0.002      0.000      0.282      0.002    1
     2.000 0 0 0 0 1 0 1 1 1      0.989      0.000      0.005      0.001      0.005    1
     2.000 0 0 0 1 0 1 1 0 0      0.756      0.000      0.218      0.000      0.026    1
     2.000 0 0 1 0 0 1 0 0 1      0.858      0.000      0.090      0.014      0.037    1
     2.000 0 0 1 1 0 1 0 0 1      0.747      0.002      0.064      0.005      0.183    1
     2.000 0 0 0 1 1 0 1 1 1      0.965      0.006      0.004      0.000      0.025    1
     2.000 0 0 0 1 1 1 1 1 0      0.968      0.004      0.005      0.000      0.022    1
     1.000 1 0 0 0 0 1 0 1 0      0.774      0.000      0.148      0.040      0.038    1
     1.000 1 0 0 0 0 1 0 0 1      0.775      0.000      0.130      0.061      0.034    1
     1.000 0 0 1 1 1 1 * 1 1      0.611      0.335      0.000      0.003      0.052    1
     1.000 1 0 0 * 1 1 1 1 1      0.720      0.225      0.000      0.041      0.014    1
     1.000 0 1 0 0 0 1 1 1 0      0.839      0.001      0.011      0.110      0.038    1
     1.000 0 0 0 0 0 * 1 1 0      0.928      0.000      0.067      0.002      0.002    1
     1.000 0 0 0 1 0 1 1 0 *      0.921      0.000      0.066      0.001      0.012    1
     1.000 0 0 0 1 1 1 0 1 0      0.816      0.001      0.115      0.000      0.068    1
     1.000 0 1 0 0 1 0 0 1 1      0.549      0.007      0.093      0.007      0.345    1
     1.000 * 0 1 0 0 1 1 1 0      0.732      0.002      0.003      0.234      0.029    1
     1.000 0 1 0 0 1 1 1 0 1      0.819      0.032      0.006      0.029      0.114    1
     1.000 0 1 0 1 0 0 1 1 1      0.722      0.015      0.006      0.048      0.208    1
     1.000 1 0 0 0 1 0 1 1 1      0.904      0.013      0.003      0.031      0.049    1
     1.000 1 0 0 0 0 0 1 0 1      0.729      0.000      0.137      0.075      0.058    1
     1.000 0 0 0 1 * 0 1 1 0      0.770      0.000      0.155      0.000      0.074    1
     1.000 1 0 0 1 * 0 0 1 1      0.542      0.022      0.052      0.008      0.376    1
     1.000 1 0 0 1 0 1 1 1 0      0.876      0.005      0.005      0.045      0.068    1
     1.000 0 0 1 1 1 1 * 1 0      0.625      0.059      0.014      0.001      0.302    1
     1.000 0 0 1 0 0 0 1 1 *      0.908      0.000      0.031      0.032      0.029    1
     1.000 0 0 1 1 1 1 0 0 1      0.510      0.033      0.029      0.001      0.428    1
     1.000 0 1 * 0 0 0 1 1 1      0.451      0.008      0.004      0.420      0.118    1
     1.000 0 0 0 1 1 0 1 1 0      0.763      0.001      0.121      0.000      0.115    1
     1.000 0 0 0 * * * * * *      0.540      0.001      0.450      0.001      0.008    1
     1.000 1 0 0 1 0 1 0 1 1      0.894      0.011      0.004      0.048      0.043    1
     1.000 1 0 0 0 1 0 0 1 1      0.768      0.004      0.071      0.010      0.147    1
     1.000 0 0 0 1 1 0 0 * 1      0.544      0.001      0.369      0.000      0.086    1
     1.000 0 0 0 1 0 0 1 1 0      0.777      0.000      0.188      0.000      0.034    1
     1.000 0 0 0 0 1 1 1 1 *      0.994      0.001      0.002      0.001      0.001    1
     1.000 0 1 0 0 1 1 1 1 0      0.824      0.021      0.007      0.019      0.128    1
     1.000 0 * 0 0 1 1 1 1 1      0.968      0.019      0.000      0.009      0.004    1
     1.000 0 1 0 0 1 1 1 1 1      0.807      0.117      0.000      0.054      0.022    1
     1.000 0 0 1 0 0 1 0 1 0      0.847      0.000      0.102      0.009      0.041    1
     1.000 0 0 1 0 * 0 1 1 1      0.937      0.006      0.003      0.023      0.032    1
     1.000 0 1 0 0 0 0 1 1 0      0.571      0.000      0.225      0.037      0.168    1
     1.000 0 1 0 1 0 1 0 1 1      0.802      0.024      0.006      0.041      0.128    1
     1.000 1 0 0 1 1 0 1 1 1      0.649      0.145      0.002      0.008      0.196    1
     1.000 0 0 1 0 0 0 * 1 1      0.915      0.000      0.028      0.030      0.026    1
     1.000 0 0 0 0 1 * 1 1 1      0.995      0.001      0.001      0.001      0.002    1
     1.000 1 0 * * * * * * *      0.258      0.243      0.122      0.139      0.238    1
     1.000 0 1 0 1 1 1 1 0 1      0.418      0.247      0.003      0.006      0.327    1
     1.000 0 1 0 1 1 1 0 1 1      0.429      0.331      0.002      0.004      0.234    1
     1.000 0 0 0 0 1 1 1 0 0      0.798      0.000      0.185      0.000      0.017    1
     1.000 0 1 0 1 0 1 0 0 1      0.477      0.004      0.119      0.013      0.388    1
     1.000 1 0 0 1 0 1 1 0 0      0.611      0.001      0.128      0.017      0.243    1
     1.000 0 1 0 0 * 1 1 0 1      0.808      0.016      0.008      0.096      0.072    1
     1.000 0 1 0 0 0 1 0 1 1      0.850      0.002      0.008      0.117      0.024    1
     1.000 0 0 1 1 0 1 1 1 1      0.933      0.025      0.000      0.029      0.012    1
     1.000 0 0 0 1 0 1 1 0 1      0.985      0.000      0.007      0.001      0.006    1
     1.000 0 0 0 * 0 1 0 1 1      0.990      0.000      0.006      0.002      0.002    1
     1.000 0 0 0 1 1 1 1 0 0      0.764      0.001      0.145      0.000      0.091    1
     1.000 0 0 0 0 1 0 * * 1      0.766      0.000      0.223      0.000      0.011    1
     1.000 0 0 0 0 0 * 1 1 1      0.991      0.000      0.002      0.007      0.000    1
     1.000 1 0 0 1 1 1 0 0 1      0.493      0.041      0.044      0.003      0.419    1
     1.000 0 0 * 0 1 1 1 1 1      0.971      0.019      0.000      0.007      0.004    1
     1.000 1 0 0 1 * * 1 0 *      0.471      0.039      0.144      0.017      0.329    1
     1.000 0 0 1 0 0 1 0 * 0      0.533      0.000      0.418      0.005      0.044    1
     1.000 0 1 0 0 0 1 1 0 1      0.798      0.001      0.009      0.159      0.032    1
     1.000 0 0 1 1 1 0 1 * 1      0.600      0.091      0.007      0.002      0.299    1
     1.000 0 0 1 0 0 0 0 1 1      0.863      0.000      0.076      0.013      0.048    1
     1.000 0 0 0 0 1 1 * * 1      0.986      0.001      0.010      0.001      0.002    1
     1.000 1 0 0 1 1 * 1 1 1      0.533      0.399      0.000      0.012      0.055    1
     1.000 0 0 1 0 0 1 1 * *      0.922      0.001      0.007      0.062      0.008    1
     1.000 0 0 0 0 1 1 0 0 1      0.859      0.000      0.130      0.000      0.011    1
     1.000 1 0 1 1 0 0 1 1 1      0.327      0.082      0.001      0.265      0.325    1
     1.000 0 0 1 * 1 1 1 1 1      0.785      0.190      0.000      0.010      0.015    1
     1.000 1 0 0 0 0 1 0 1 1      0.862      0.001      0.004      0.126      0.007    1
     1.000 0 0 * 0 0 1 1 1 1      0.961      0.001      0.000      0.037      0.001    1
     1.000 0 1 0 0 1 0 1 0 1      0.465      0.005      0.105      0.008      0.418    1
     1.000 1 0 0 * 0 0 1 0 1      0.688      0.001      0.122      0.058      0.132    1
     1.000 0 0 1 0 0 1 1 0 0      0.802      0.000      0.129      0.013      0.056    1
     1.000 0 0 1 0 1 1 1 * *      0.928      0.030      0.005      0.011      0.026    1
     1.000 1 0 1 0 1 0 1 1 1      0.410      0.179      0.001      0.160      0.250    1
     1.000 0 0 0 0 0 1 * 1 1      0.991      0.000      0.002      0.006      0.000    1
     1.000 0 0 0 0 1 1 * 1 1      0.995      0.001      0.002      0.001      0.001    1
     1.000 1 0 0 0 1 1 0 1 1      0.926      0.019      0.003      0.024      0.027    1
     1.000 0 0 1 0 1 0 * 1 1      0.883      0.008      0.018      0.005      0.086    1
     1.000 0 0 0 0 1 0 1 0 1      0.837      0.000      0.143      0.000      0.020    1
     1.000 0 1 0 0 0 0 1 1 1      0.804      0.001      0.008      0.146      0.041    1
     1.000 * 0 0 1 1 0 1 0 1      0.649      0.008      0.086      0.001      0.256    1
     1.000 1 0 1 0 1 1 1 0 1      0.420      0.197      0.001      0.181      0.202    1
     1.000 0 0 0 0 * 1 1 1 0      0.987      0.000      0.008      0.002      0.003    1
     1.000 0 1 0 1 0 1 1 1 0      0.752      0.011      0.008      0.037      0.192    1
     1.000 0 1 0 1 1 1 1 1 0      0.441      0.166      0.003      0.004      0.386    1
   502.000 1 1 1 1 1 1 1 1 1      0.000      0.986      0.000      0.006      0.008    2
    94.000 1 1 1 0 1 1 1 1 1      0.005      0.788      0.000      0.191      0.017    2
    76.000 1 1 1 1 1 1 0 1 1      0.001      0.918      0.000      0.006      0.075    2
    47.000 0 1 1 1 1 1 1 1 1      0.015      0.956      0.000      0.004      0.025    2
    36.000 1 1 1 1 0 1 1 1 1      0.005      0.516      0.000      0.447      0.031    2
    35.000 1 1 1 1 1 0 1 1 1      0.001      0.819      0.000      0.009      0.170    2
    30.000 1 0 1 1 1 1 1 1 1      0.035      0.936      0.000      0.010      0.019    2
    28.000 1 1 1 1 1 1 1 0 1      0.001      0.858      0.000      0.010      0.130    2
    27.000 1 1 1 1 1 1 1 1 0      0.002      0.780      0.000      0.009      0.208    2
    22.000 1 1 0 1 1 1 1 1 1      0.011      0.954      0.000      0.015      0.020    2
    19.000 0 1 1 0 1 1 1 1 1      0.157      0.676      0.000      0.118      0.048    2
    15.000 0 1 1 1 1 1 0 1 1      0.033      0.758      0.000      0.003      0.205    2
    14.000 1 1 1 0 1 1 0 1 1      0.012      0.670      0.000      0.171      0.148    2
    11.000 1 0 1 1 1 1 0 1 1      0.081      0.756      0.000      0.009      0.154    2
    11.000 1 1 1 1 0 1 0 1 1      0.012      0.390      0.000      0.356      0.243    2
    10.000 1 1 1 0 1 0 1 1 1      0.012      0.486      0.000      0.230      0.272    2
    10.000 1 0 1 0 1 1 1 1 1      0.274      0.480      0.000      0.220      0.026    2
     9.000 1 1 1 * 1 1 1 1 1      0.001      0.954      0.000      0.035      0.009    2
     7.000 0 1 1 1 1 1 1 1 0      0.045      0.504      0.000      0.004      0.447    2
     7.000 1 1 1 1 1 1 1 * 1      0.000      0.979      0.000      0.006      0.015    2
     7.000 1 1 0 0 1 1 1 1 1      0.096      0.536      0.000      0.338      0.030    2
     6.000 1 1 1 0 1 1 1 0 1      0.012      0.522      0.000      0.253      0.214    2
     6.000 1 1 0 1 1 1 0 1 1      0.027      0.792      0.000      0.013      0.169    2
     6.000 1 1 1 1 1 1 * 1 1      0.000      0.976      0.000      0.006      0.018    2
     6.000 1 1 1 0 1 1 1 1 0      0.016      0.443      0.000      0.221      0.320    2
     5.000 1 0 1 1 1 1 1 0 1      0.091      0.648      0.000      0.014      0.246    2
     5.000 0 1 0 1 1 1 1 1 1      0.296      0.652      0.000      0.007      0.045    2
     5.000 0 1 1 1 1 0 1 1 1      0.035      0.569      0.000      0.005      0.392    2
     4.000 1 0 1 1 1 0 1 1 1      0.089      0.591      0.000      0.013      0.306    2
     4.000 0 1 1 1 1 1 1 0 1      0.036      0.636      0.000      0.005      0.322    2
     4.000 1 1 1 1 1 * 1 1 1      0.000      0.973      0.000      0.006      0.020    2
     4.000 1 1 * 1 1 1 1 1 1      0.001      0.984      0.000      0.006      0.008    2
     3.000 0 1 1 0 1 1 0 1 1      0.257      0.387      0.001      0.071      0.284    2
     3.000 1 1 0 * 1 1 1 1 1      0.029      0.865      0.000      0.083      0.022    2
     2.000 1 1 1 * 1 1 1 1 0      0.005      0.709      0.000      0.054      0.232    2
     2.000 1 1 1 1 1 0 * 1 1      0.001      0.669      0.000      0.008      0.322    2
     2.000 * 1 1 1 1 1 1 1 1      0.002      0.983      0.000      0.006      0.010    2
     2.000 1 0 * 1 1 1 1 1 1      0.080      0.890      0.000      0.011      0.019    2
     2.000 1 1 1 1 0 1 * 1 1      0.007      0.493      0.000      0.431      0.070    2
     2.000 1 1 0 1 1 1 1 0 1      0.030      0.679      0.000      0.021      0.270    2
     2.000 1 1 0 1 1 0 1 1 1      0.029      0.617      0.000      0.019      0.334    2
     2.000 1 1 0 1 1 1 1 1 0      0.038      0.556      0.000      0.018      0.388    2
     2.000 1 0 1 1 1 1 1 1 0      0.115      0.524      0.000      0.012      0.349    2
     1.000 * 1 1 1 0 1 1 1 1      0.026      0.508      0.000      0.428      0.038    2
     1.000 1 0 1 0 1 1 1 * 1      0.291      0.448      0.000      0.215      0.046    2
     1.000 1 1 1 1 * 1 0 1 1      0.002      0.874      0.000      0.035      0.089    2
     1.000 1 1 1 1 * 1 1 1 1      0.001      0.954      0.000      0.036      0.009    2
     1.000 1 1 0 1 1 1 * 1 1      0.014      0.927      0.000      0.014      0.045    2
     1.000 1 1 1 * 1 1 0 1 1      0.003      0.876      0.000      0.034      0.087    2
     1.000 0 1 1 1 0 1 1 1 1      0.180      0.448      0.000      0.281      0.091    2
     1.000 0 1 1 1 1 * 1 1 1      0.017      0.915      0.000      0.004      0.064    2
     1.000 0 1 1 * 1 * 1 1 1      0.045      0.858      0.000      0.024      0.073    2
     1.000 1 1 0 * 1 0 1 1 1      0.069      0.503      0.000      0.095      0.333    2
     1.000 1 1 0 0 1 1 0 1 1      0.186      0.363      0.001      0.241      0.209    2
     1.000 0 1 1 1 0 1 1 * *      0.173      0.307      0.001      0.213      0.305    2
     1.000 1 1 * 1 1 1 * 1 1      0.001      0.973      0.000      0.006      0.019    2
     1.000 1 1 1 * * * * * 1      0.003      0.708      0.000      0.189      0.100    2
     1.000 0 1 0 1 1 1 1 1 *      0.320      0.571      0.001      0.007      0.102    2
     1.000 1 1 1 1 1 1 * * *      0.001      0.911      0.000      0.006      0.083    2
     1.000 1 * * * * * 1 * *      0.042      0.634      0.002      0.203      0.118    2
     1.000 0 1 * 1 1 1 1 1 1      0.034      0.935      0.000      0.004      0.027    2
     1.000 1 1 1 1 1 1 1 * *      0.001      0.956      0.000      0.006      0.037    2
     1.000 0 1 1 * 1 1 1 1 1      0.040      0.907      0.000      0.024      0.029    2
     1.000 1 1 1 1 1 * 0 1 1      0.001      0.818      0.000      0.005      0.175    2
     1.000 1 1 1 1 1 1 1 * 0      0.002      0.656      0.000      0.008      0.334    2
     1.000 1 1 * 1 1 1 1 * *      0.001      0.952      0.000      0.007      0.040    2
     1.000 0 1 1 1 1 1 * * *      0.020      0.749      0.001      0.004      0.226    2
     1.000 1 1 0 * * * 1 * 1      0.046      0.515      0.000      0.356      0.082    2
     1.000 1 1 * 1 1 1 0 1 1      0.002      0.911      0.000      0.006      0.080    2
     1.000 1 1 1 1 1 * * * *      0.001      0.802      0.000      0.006      0.191    2
     1.000 1 1 1 0 1 1 * 0 1      0.012      0.405      0.000      0.197      0.386    2
     1.000 1 1 1 1 1 0 1 * 1      0.001      0.710      0.000      0.009      0.281    2
     1.000 1 1 1 0 1 1 0 1 *      0.012      0.539      0.000      0.144      0.305    2
     1.000 1 1 1 0 1 1 0 * 1      0.012      0.586      0.000      0.157      0.246    2
     1.000 0 1 1 1 1 1 * 1 1      0.018      0.921      0.000      0.004      0.057    2
    65.000 0 0 0 0 0 0 0 0 0      0.004      0.000      0.996      0.000      0.001    3
    30.000 0 0 0 1 1 0 0 0 0      0.007      0.000      0.974      0.000      0.019    3
    14.000 0 0 0 0 1 0 0 0 0      0.006      0.000      0.991      0.000      0.003    3
    14.000 0 0 1 1 1 0 0 0 0      0.010      0.000      0.669      0.000      0.321    3
     7.000 0 1 0 0 0 0 0 0 0      0.003      0.000      0.982      0.000      0.015    3
     7.000 1 0 0 0 0 0 0 0 0      0.005      0.000      0.986      0.000      0.008    3
     7.000 0 0 1 0 1 0 0 0 0      0.012      0.000      0.924      0.000      0.065    3
     6.000 0 0 0 0 0 0 0 0 1      0.130      0.000      0.867      0.000      0.003    3
     6.000 0 0 0 1 0 0 0 0 0      0.005      0.000      0.992      0.000      0.004    3
     6.000 0 0 1 0 1 0 0 1 0      0.228      0.000      0.524      0.000      0.248    3
     6.000 0 0 0 0 0 0 1 0 0      0.089      0.000      0.908      0.000      0.004    3
     5.000 0 0 0 0 1 0 0 1 0      0.164      0.000      0.821      0.000      0.016    3
     5.000 0 0 0 0 0 0 0 1 0      0.116      0.000      0.881      0.000      0.003    3
     5.000 0 1 1 0 0 0 0 0 0      0.004      0.000      0.721      0.001      0.274    3
     5.000 0 0 1 0 0 0 0 1 0      0.208      0.000      0.725      0.001      0.066    3
     4.000 1 0 0 0 0 1 0 0 0      0.127      0.000      0.837      0.004      0.032    3
     4.000 0 0 1 0 0 0 0 0 0      0.008      0.000      0.979      0.000      0.013    3
     4.000 1 1 0 0 0 0 0 0 0      0.003      0.000      0.801      0.002      0.194    3
     4.000 0 1 0 1 1 0 0 0 0      0.003      0.000      0.643      0.000      0.353    3
     4.000 0 0 0 0 0 1 0 0 0      0.099      0.000      0.899      0.000      0.002    3
     3.000 0 0 1 0 1 1 0 0 0      0.218      0.000      0.595      0.000      0.187    3
     3.000 0 0 0 1 1 0 0 0 1      0.198      0.000      0.708      0.000      0.095    3
     3.000 0 1 0 0 1 0 0 0 0      0.004      0.000      0.922      0.000      0.074    3
     3.000 0 0 1 0 0 1 0 0 0      0.185      0.000      0.768      0.001      0.046    3
     3.000 1 0 1 0 0 0 0 0 0      0.009      0.000      0.817      0.001      0.173    3
     3.000 0 0 0 1 1 0 0 1 0      0.178      0.000      0.727      0.000      0.095    3
     3.000 0 1 0 0 0 0 0 1 0      0.082      0.000      0.830      0.002      0.086    3
     3.000 0 0 1 0 1 0 1 0 0      0.178      0.000      0.547      0.000      0.275    3
     2.000 0 1 0 1 0 0 0 0 0      0.003      0.000      0.902      0.000      0.095    3
     2.000 0 0 0 0 0 * 0 0 0      0.015      0.000      0.984      0.000      0.001    3
     2.000 0 0 0 0 1 0 0 0 1      0.183      0.000      0.802      0.000      0.016    3
     2.000 0 0 1 0 0 0 0 0 1      0.230      0.000      0.703      0.002      0.065    3
     2.000 0 0 1 1 0 0 0 0 0      0.009      0.000      0.907      0.000      0.083    3
     2.000 1 0 1 0 0 1 0 0 0      0.139      0.000      0.419      0.044      0.398    3
     2.000 1 0 0 0 1 0 0 1 0      0.174      0.000      0.634      0.001      0.191    3
     2.000 0 1 0 0 1 0 1 0 0      0.066      0.000      0.592      0.000      0.341    3
     2.000 0 1 0 0 1 1 0 0 0      0.085      0.000      0.673      0.000      0.241    3
     2.000 0 1 0 1 0 1 0 0 0      0.064      0.000      0.635      0.001      0.300    3
     2.000 1 0 0 1 0 0 0 0 0      0.006      0.000      0.939      0.000      0.055    3
     2.000 1 0 0 0 0 0 0 0 1      0.162      0.000      0.786      0.006      0.046    3
     2.000 0 1 0 0 0 1 0 0 0      0.072      0.000      0.867      0.002      0.060    3
     1.000 1 * 0 0 0 1 0 0 0      0.106      0.000      0.726      0.021      0.148    3
     1.000 0 0 0 * 1 0 1 0 0      0.130      0.000      0.827      0.000      0.043    3
     1.000 0 0 0 * 1 1 0 0 0      0.147      0.000      0.827      0.000      0.027    3
     1.000 0 0 * 0 0 1 0 0 0      0.122      0.000      0.864      0.000      0.014    3
     1.000 0 0 0 0 * 0 0 0 *      0.018      0.000      0.980      0.000      0.002    3
     1.000 0 1 1 0 0 * 0 0 0      0.016      0.000      0.642      0.004      0.337    3
     1.000 0 0 0 0 1 0 1 0 0      0.127      0.000      0.855      0.000      0.017    3
     1.000 0 0 * 0 1 1 0 0 0      0.165      0.000      0.771      0.000      0.064    3
     1.000 0 0 1 0 0 0 0 * 0      0.041      0.000      0.937      0.000      0.022    3
     1.000 0 0 0 0 1 0 1 * 0      0.432      0.000      0.549      0.000      0.019    3
     1.000 0 0 0 1 0 0 0 1 0      0.135      0.000      0.843      0.000      0.021    3
     1.000 0 0 1 0 1 * * 0 0      0.114      0.000      0.776      0.000      0.110    3
     1.000 0 0 1 * 1 0 0 0 0      0.011      0.000      0.840      0.000      0.149    3
     1.000 1 0 0 0 0 0 0 * 0      0.026      0.000      0.959      0.001      0.014    3
     1.000 0 0 1 0 0 0 1 0 0      0.163      0.000      0.762      0.001      0.073    3
     1.000 1 0 0 1 1 0 0 0 0      0.007      0.000      0.760      0.000      0.233    3
     1.000 0 0 1 0 1 0 0 0 1      0.252      0.000      0.505      0.000      0.243    3
     1.000 * 0 0 0 1 0 0 0 0      0.006      0.000      0.985      0.000      0.009    3
     1.000 1 * 0 0 0 0 0 0 0      0.005      0.000      0.952      0.000      0.043    3
     1.000 0 1 * 0 1 0 0 0 0      0.004      0.000      0.655      0.000      0.342    3
     1.000 0 1 0 1 1 * 0 0 0      0.012      0.000      0.561      0.000      0.426    3
     1.000 1 0 0 0 1 1 0 0 0      0.161      0.000      0.698      0.001      0.140    3
     1.000 0 1 0 0 1 0 * 0 0      0.011      0.000      0.885      0.000      0.104    3
     1.000 0 0 0 * 0 0 0 0 0      0.004      0.000      0.995      0.000      0.001    3
   111.000 1 1 1 0 0 1 1 1 1      0.004      0.027      0.000      0.964      0.004    4
    19.000 1 0 1 0 0 1 1 1 1      0.179      0.012      0.000      0.804      0.005    4
    12.000 1 1 1 0 0 1 0 1 1      0.011      0.025      0.000      0.923      0.041    4
    12.000 1 1 0 0 0 1 1 1 1      0.048      0.010      0.000      0.938      0.004    4
    10.000 0 1 1 0 0 1 1 1 1      0.182      0.030      0.000      0.771      0.016    4
     9.000 1 1 1 0 0 0 1 1 1      0.008      0.013      0.000      0.922      0.057    4
     9.000 1 1 1 1 0 0 1 1 1      0.010      0.231      0.000      0.393      0.366    4
     8.000 1 1 1 0 0 1 1 1 0      0.011      0.012      0.000      0.908      0.068    4
     8.000 1 1 1 0 0 1 1 0 1      0.008      0.013      0.000      0.938      0.041    4
     6.000 1 1 1 0 0 0 0 1 1      0.015      0.008      0.001      0.611      0.364    4
     5.000 1 0 1 0 0 0 1 1 1      0.295      0.005      0.001      0.647      0.052    4
     5.000 1 1 1 0 0 0 1 1 0      0.013      0.003      0.002      0.492      0.490    4
     4.000 1 1 1 * 0 1 1 1 1      0.005      0.153      0.000      0.831      0.011    4
     4.000 1 0 1 0 0 1 0 1 1      0.359      0.008      0.001      0.596      0.035    4
     4.000 1 0 1 1 0 1 1 1 1      0.261      0.264      0.000      0.434      0.040    4
     3.000 1 1 1 0 0 1 0 1 0      0.019      0.007      0.002      0.562      0.409    4
     3.000 1 1 1 1 0 1 1 0 1      0.010      0.254      0.000      0.441      0.295    4
     3.000 1 1 0 0 0 1 0 1 1      0.115      0.009      0.001      0.838      0.038    4
     3.000 1 1 0 1 0 1 1 1 1      0.083      0.268      0.000      0.606      0.043    4
     3.000 1 1 1 0 0 1 0 0 1      0.015      0.009      0.002      0.683      0.291    4
     2.000 0 1 1 0 0 0 1 1 1      0.271      0.011      0.001      0.559      0.158    4
     2.000 1 1 1 0 0 1 1 * 1      0.005      0.026      0.000      0.962      0.008    4
     2.000 1 1 0 0 0 1 0 1 0      0.176      0.002      0.045      0.450      0.328    4
     2.000 1 1 1 * 0 1 0 1 1      0.011      0.132      0.000      0.756      0.101    4
     2.000 1 0 1 0 * 1 1 1 1      0.216      0.195      0.000      0.576      0.013    4
     2.000 1 0 1 0 0 1 1 0 1      0.280      0.005      0.001      0.675      0.039    4
     2.000 1 1 0 0 0 1 0 0 1      0.147      0.003      0.033      0.572      0.245    4
     2.000 1 1 0 1 0 1 1 0 1      0.119      0.103      0.001      0.465      0.312    4
     2.000 1 1 1 0 0 0 1 0 1      0.011      0.004      0.001      0.621      0.363    4
     1.000 1 0 1 0 0 1 1 1 0      0.362      0.004      0.001      0.576      0.057    4
     1.000 1 0 * 0 0 1 1 1 1      0.326      0.009      0.000      0.661      0.004    4
     1.000 1 1 1 0 0 1 0 * *      0.012      0.019      0.002      0.806      0.160    4
     1.000 1 1 1 0 0 * 1 1 0      0.012      0.011      0.000      0.825      0.153    4
     1.000 1 1 * 0 0 1 * * *      0.015      0.022      0.002      0.919      0.044    4
     1.000 0 1 1 0 0 1 1 0 1      0.265      0.012      0.001      0.601      0.121    4
     1.000 1 1 1 * 0 1 1 1 *      0.005      0.144      0.000      0.823      0.028    4
     1.000 0 1 1 0 0 1 0 1 1      0.340      0.020      0.001      0.530      0.109    4
     1.000 1 1 0 0 * 1 * 1 0      0.146      0.057      0.011      0.477      0.309    4
     1.000 1 1 1 0 0 1 0 * 1      0.012      0.023      0.000      0.893      0.073    4
     1.000 1 1 * 0 0 1 1 1 1      0.010      0.025      0.000      0.961      0.004    4
     1.000 1 1 1 0 * 1 1 1 0      0.013      0.193      0.000      0.620      0.173    4
     1.000 1 1 1 0 * * 1 1 1      0.005      0.365      0.000      0.604      0.026    4
     1.000 1 1 0 0 0 0 1 0 1      0.106      0.002      0.027      0.546      0.320    4
     1.000 0 1 1 * 0 1 1 1 1      0.181      0.158      0.000      0.621      0.039    4
     1.000 1 1 1 * 0 1 1 0 1      0.008      0.075      0.000      0.811      0.106    4
     1.000 1 1 0 0 0 1 1 0 0      0.129      0.001      0.044      0.481      0.344    4
     1.000 * 1 1 0 0 1 1 1 1      0.021      0.027      0.000      0.946      0.006    4
     1.000 1 0 1 1 0 1 * 1 1      0.294      0.235      0.000      0.388      0.083    4
     1.000 1 1 0 0 0 0 1 1 1      0.089      0.005      0.001      0.853      0.052    4
     1.000 1 1 1 0 * 1 1 0 1      0.009      0.214      0.000      0.667      0.110    4
     1.000 1 1 1 0 0 1 1 0 0      0.013      0.004      0.002      0.572      0.408    4
     1.000 0 1 * 0 0 1 1 1 1      0.331      0.023      0.000      0.632      0.013    4
     1.000 1 1 0 0 0 1 1 1 0      0.117      0.004      0.001      0.816      0.061    4
     1.000 1 1 0 0 0 0 0 1 1      0.146      0.003      0.027      0.516      0.308    4
     1.000 0 1 1 0 0 1 1 1 0      0.328      0.009      0.002      0.491      0.169    4
     1.000 1 1 1 * 0 0 1 1 1      0.009      0.073      0.000      0.777      0.141    4
     1.000 0 1 1 0 0 1 1 1 *      0.203      0.027      0.000      0.732      0.038    4
     1.000 1 1 0 0 0 1 1 0 1      0.083      0.005      0.001      0.873      0.039    4
     1.000 1 1 1 0 0 1 1 * 0      0.012      0.011      0.000      0.860      0.117    4
     1.000 1 1 0 0 0 1 1 * 0      0.119      0.004      0.008      0.765      0.104    4
    35.000 1 1 1 1 1 0 0 1 1      0.001      0.319      0.000      0.004      0.676    5
    32.000 1 1 1 1 1 0 0 0 0      0.000      0.001      0.005      0.000      0.995    5
    22.000 1 1 1 1 1 0 1 1 0      0.001      0.126      0.000      0.003      0.870    5
    21.000 1 1 1 1 1 1 1 0 0      0.001      0.163      0.000      0.004      0.831    5
    17.000 1 1 1 1 1 0 0 1 0      0.000      0.014      0.001      0.000      0.985    5
    16.000 1 1 1 1 1 1 0 1 0      0.002      0.267      0.000      0.003      0.728    5
    15.000 0 1 1 1 1 0 0 0 0      0.001      0.000      0.068      0.000      0.931    5
    15.000 1 1 1 0 0 0 0 0 0      0.001      0.000      0.141      0.009      0.848    5
    13.000 1 1 1 1 1 1 0 0 1      0.002      0.389      0.000      0.005      0.604    5
    11.000 1 1 1 1 1 0 1 0 0      0.000      0.008      0.001      0.000      0.991    5
    10.000 0 1 1 1 1 0 0 1 0      0.004      0.004      0.011      0.000      0.981    5
     7.000 1 1 1 0 0 0 0 0 1      0.007      0.001      0.020      0.146      0.826    5
     7.000 0 0 1 1 1 0 0 1 1      0.460      0.028      0.022      0.000      0.489    5
     7.000 1 1 1 1 1 0 0 0 1      0.000      0.024      0.001      0.001      0.974    5
     7.000 0 1 1 1 1 0 0 1 1      0.021      0.121      0.001      0.001      0.855    5
     7.000 1 1 0 1 0 1 1 0 0      0.056      0.008      0.016      0.077      0.842    5
     6.000 1 1 1 1 1 1 0 0 0      0.000      0.019      0.001      0.000      0.979    5
     6.000 1 1 1 1 1 0 1 0 1      0.001      0.201      0.000      0.005      0.793    5
     6.000 1 1 1 1 0 0 0 0 0      0.000      0.000      0.024      0.001      0.975    5
     6.000 0 1 1 0 1 1 1 1 0      0.265      0.195      0.001      0.071      0.468    5
     5.000 1 1 1 1 0 0 0 1 1      0.006      0.052      0.000      0.094      0.847    5
     5.000 0 1 1 1 1 1 1 0 0      0.018      0.055      0.002      0.001      0.924    5
     5.000 1 1 1 0 1 0 1 0 0      0.001      0.003      0.004      0.005      0.986    5
     5.000 1 0 1 1 1 0 0 0 0      0.002      0.000      0.116      0.000      0.881    5
     5.000 0 1 1 0 1 0 0 1 1      0.115      0.043      0.009      0.016      0.818    5
     5.000 1 0 1 0 0 0 1 0 0      0.100      0.000      0.340      0.042      0.518    5
     5.000 1 1 1 0 1 0 1 1 0      0.007      0.048      0.001      0.047      0.898    5
     4.000 0 1 1 0 1 0 0 1 0      0.022      0.001      0.068      0.001      0.908    5
     4.000 1 1 1 0 1 0 0 1 1      0.010      0.137      0.001      0.068      0.784    5
     4.000 0 0 1 1 1 1 1 0 0      0.406      0.013      0.035      0.000      0.546    5
     4.000 1 1 1 0 1 0 0 1 0      0.002      0.005      0.005      0.005      0.983    5
     4.000 1 1 1 0 1 1 0 0 1      0.011      0.173      0.001      0.088      0.726    5
     4.000 1 0 1 1 1 1 0 0 1      0.076      0.188      0.003      0.004      0.729    5
     4.000 1 0 1 1 1 0 1 1 0      0.046      0.052      0.002      0.002      0.898    5
     4.000 1 1 1 0 1 1 1 0 0      0.008      0.063      0.001      0.063      0.865    5
     4.000 1 1 1 0 1 0 0 0 0      0.000      0.000      0.031      0.001      0.968    5
     3.000 1 0 1 1 1 0 1 0 0      0.010      0.003      0.018      0.000      0.969    5
     3.000 0 1 1 0 0 1 1 0 0      0.215      0.002      0.046      0.172      0.565    5
     3.000 1 1 1 1 0 0 1 1 0      0.004      0.017      0.000      0.061      0.917    5
     3.000 1 1 0 1 1 0 0 1 1      0.020      0.149      0.002      0.005      0.824    5
     3.000 0 0 1 1 1 0 0 1 0      0.111      0.001      0.209      0.000      0.679    5
     3.000 1 1 1 0 1 0 0 0 1      0.002      0.009      0.005      0.009      0.975    5
     3.000 0 1 1 1 1 1 0 1 0      0.025      0.097      0.002      0.001      0.876    5
     3.000 1 1 1 1 0 0 0 0 1      0.001      0.003      0.003      0.011      0.981    5
     3.000 1 1 0 0 1 0 1 1 1      0.163      0.226      0.001      0.279      0.331    5
     3.000 1 1 0 0 1 1 1 1 0      0.200      0.191      0.001      0.248      0.359    5
     3.000 0 1 1 1 1 1 0 0 0      0.005      0.006      0.016      0.000      0.973    5
     3.000 1 1 1 1 0 0 0 1 0      0.001      0.002      0.004      0.007      0.987    5
     3.000 1 1 1 1 0 1 0 0 1      0.008      0.067      0.001      0.123      0.801    5
     3.000 1 1 1 1 0 1 1 1 0      0.013      0.204      0.000      0.366      0.417    5
     3.000 1 1 1 0 0 1 0 0 0      0.008      0.001      0.031      0.121      0.839    5
     2.000 1 1 0 1 1 0 0 0 1      0.005      0.009      0.016      0.001      0.969    5
     2.000 0 0 1 1 1 0 0 0 1      0.124      0.002      0.203      0.000      0.671    5
     2.000 0 1 1 1 1 0 1 0 0      0.003      0.002      0.010      0.000      0.985    5
     2.000 0 1 1 0 1 0 0 0 1      0.025      0.003      0.066      0.002      0.905    5
     2.000 0 1 0 1 0 0 0 1 1      0.440      0.003      0.092      0.011      0.453    5
     2.000 0 1 1 0 1 1 1 0 1      0.242      0.279      0.001      0.098      0.381    5
     2.000 1 0 1 0 0 0 0 1 0      0.134      0.000      0.340      0.038      0.487    5
     2.000 1 0 1 0 1 1 0 0 0      0.077      0.002      0.154      0.004      0.762    5
     2.000 1 1 0 1 1 0 1 1 0      0.014      0.051      0.002      0.003      0.929    5
     2.000 0 0 1 1 1 0 1 0 0      0.082      0.001      0.206      0.000      0.712    5
     2.000 1 1 0 0 0 0 0 1 0      0.046      0.000      0.340      0.058      0.556    5
     2.000 1 0 1 0 1 0 1 0 0      0.047      0.001      0.106      0.004      0.842    5
     2.000 0 1 1 0 1 0 1 1 0      0.078      0.014      0.009      0.010      0.889    5
     2.000 1 1 0 1 1 0 0 0 0      0.001      0.000      0.103      0.000      0.896    5
     2.000 0 1 1 1 1 0 1 1 0      0.015      0.041      0.001      0.001      0.942    5
     2.000 1 1 1 1 1 * 0 0 1      0.001      0.196      0.000      0.003      0.800    5
     2.000 0 1 1 1 0 1 0 1 1      0.235      0.205      0.001      0.135      0.424    5
     2.000 0 1 1 1 0 0 0 0 0      0.002      0.000      0.277      0.000      0.721    5
     2.000 0 1 1 0 0 0 0 1 0      0.056      0.000      0.260      0.015      0.668    5
     2.000 1 1 1 1 0 1 0 1 0      0.007      0.042      0.001      0.079      0.871    5
     2.000 0 1 1 0 1 1 1 0 0      0.095      0.019      0.013      0.014      0.859    5
     2.000 1 0 1 1 0 0 0 0 0      0.006      0.000      0.405      0.000      0.589    5
     2.000 0 1 1 1 1 0 0 0 1      0.005      0.007      0.010      0.000      0.977    5
     2.000 1 0 1 1 1 0 0 1 1      0.064      0.148      0.002      0.003      0.782    5
     2.000 1 1 0 1 0 1 1 1 0      0.142      0.078      0.001      0.364      0.416    5
     2.000 1 1 0 0 1 0 1 1 0      0.073      0.017      0.014      0.044      0.851    5
     2.000 0 1 0 1 1 1 0 0 1      0.240      0.050      0.039      0.001      0.670    5
     2.000 0 1 1 1 0 0 0 0 1      0.016      0.001      0.052      0.002      0.929    5
     2.000 1 1 1 0 0 0 0 1 0      0.006      0.001      0.022      0.091      0.880    5
     2.000 1 1 0 1 1 1 0 0 0      0.005      0.007      0.025      0.000      0.963    5
     2.000 0 1 1 0 0 0 1 0 1      0.191      0.002      0.030      0.211      0.566    5
     2.000 1 0 1 0 1 0 0 1 1      0.284      0.043      0.012      0.041      0.619    5
     2.000 0 1 1 0 0 0 0 1 1      0.252      0.004      0.030      0.192      0.523    5
     2.000 0 0 1 1 1 1 0 0 0      0.124      0.001      0.277      0.000      0.597    5
     1.000 1 1 1 0 * 1 * * 0      0.012      0.117      0.003      0.400      0.469    5
     1.000 1 1 1 1 0 1 0 0 0      0.002      0.002      0.005      0.009      0.981    5
     1.000 0 0 1 * 1 0 0 1 0      0.173      0.001      0.375      0.000      0.451    5
     1.000 1 0 1 1 1 1 0 1 0      0.074      0.118      0.003      0.003      0.802    5
     1.000 1 0 1 1 0 1 0 1 0      0.222      0.013      0.016      0.048      0.700    5
     1.000 0 1 1 1 1 0 0 * 1      0.014      0.068      0.006      0.001      0.912    5
     1.000 0 1 1 0 1 1 0 0 0      0.027      0.002      0.098      0.001      0.872    5
     1.000 1 1 0 0 1 1 1 0 0      0.089      0.023      0.020      0.059      0.810    5
     1.000 1 0 1 1 1 1 0 0 0      0.017      0.007      0.028      0.000      0.947    5
     1.000 1 0 * 1 0 1 1 0 0      0.298      0.006      0.049      0.042      0.605    5
     1.000 1 1 1 * 1 1 0 0 1      0.004      0.334      0.000      0.026      0.635    5
     1.000 1 1 0 1 1 1 0 1 0      0.024      0.119      0.003      0.004      0.850    5
     1.000 1 0 1 0 1 1 1 0 0      0.246      0.020      0.019      0.037      0.678    5
     1.000 1 1 1 0 0 0 0 * 1      0.013      0.006      0.007      0.468      0.506    5
     1.000 1 0 1 0 1 1 0 0 1      0.324      0.053      0.016      0.051      0.556    5
     1.000 1 * 1 0 1 0 0 1 1      0.062      0.119      0.003      0.063      0.753    5
     1.000 1 1 0 0 0 0 0 0 1      0.050      0.000      0.321      0.094      0.535    5
     1.000 1 0 1 1 1 0 * 0 0      0.005      0.001      0.082      0.000      0.912    5
     1.000 1 1 1 0 0 * 0 0 0      0.004      0.000      0.102      0.049      0.845    5
     1.000 1 1 1 0 1 1 0 0 0      0.003      0.007      0.007      0.007      0.976    5
     1.000 1 0 1 0 1 0 0 0 1      0.073      0.003      0.107      0.006      0.812    5
     1.000 0 1 1 1 0 0 1 1 1      0.177      0.110      0.001      0.135      0.578    5
     1.000 1 1 1 1 * 0 0 0 0      0.000      0.001      0.009      0.000      0.990    5
     1.000 1 1 * 1 0 0 1 1 0      0.009      0.016      0.002      0.060      0.913    5
     1.000 1 1 1 0 0 0 * 1 0      0.010      0.002      0.011      0.296      0.680    5
     1.000 0 1 0 1 1 0 1 1 0      0.143      0.013      0.030      0.001      0.812    5
     1.000 1 1 0 1 0 1 0 1 0      0.078      0.015      0.016      0.074      0.817    5
     1.000 1 1 1 1 1 1 0 0 *      0.001      0.200      0.001      0.003      0.796    5
     1.000 1 1 1 1 1 1 0 * 0      0.001      0.161      0.000      0.002      0.836    5
     1.000 1 1 * 0 1 1 * 0 1      0.026      0.381      0.001      0.200      0.392    5
     1.000 0 1 1 0 1 0 0 * 0      0.011      0.001      0.222      0.000      0.765    5
     1.000 0 1 1 1 0 1 1 1 0      0.205      0.087      0.001      0.113      0.593    5
     1.000 1 1 0 0 1 0 0 1 1      0.105      0.051      0.013      0.066      0.764    5
     1.000 0 1 0 0 1 0 1 1 0      0.438      0.003      0.113      0.005      0.441    5
     1.000 0 1 0 1 0 0 1 1 0      0.333      0.001      0.107      0.008      0.550    5
     1.000 0 1 1 1 1 0 * 0 1      0.009      0.031      0.007      0.001      0.952    5
     1.000 0 1 1 1 0 0 1 0 0      0.010      0.000      0.050      0.001      0.938    5
     1.000 0 1 * 1 1 1 0 0 1      0.056      0.143      0.007      0.001      0.793    5
     1.000 0 1 * 1 1 1 0 1 0      0.053      0.087      0.008      0.001      0.851    5
     1.000 0 1 1 0 0 1 0 1 0      0.281      0.003      0.045      0.155      0.517    5
     1.000 0 0 1 1 1 0 1 1 0      0.356      0.011      0.026      0.000      0.607    5
     1.000 1 0 1 1 1 0 0 1 0      0.014      0.005      0.019      0.000      0.962    5
     1.000 0 1 0 1 1 0 0 1 1      0.205      0.039      0.028      0.001      0.726    5
     1.000 1 1 0 0 1 0 0 1 0      0.021      0.002      0.102      0.005      0.871    5
     1.000 0 1 1 * 1 0 0 1 1      0.049      0.098      0.004      0.005      0.844    5
     1.000 0 1 1 0 1 0 1 0 0      0.016      0.001      0.064      0.001      0.918    5
     1.000 1 1 0 1 1 1 1 0 0      0.018      0.068      0.003      0.004      0.907    5
     1.000 0 1 1 1 1 0 * * 0      0.005      0.009      0.028      0.000      0.958    5
     1.000 1 1 0 1 0 0 0 1 1      0.069      0.019      0.010      0.090      0.812    5
     1.000 1 1 0 0 1 * 0 0 0      0.009      0.001      0.360      0.002      0.629    5
     1.000 0 1 1 0 1 0 1 1 1      0.225      0.242      0.001      0.083      0.450    5
     1.000 1 1 1 * 1 0 0 1 1      0.004      0.272      0.000      0.021      0.704    5
     1.000 1 1 0 0 1 0 0 0 0      0.003      0.000      0.440      0.000      0.557    5
     1.000 0 1 1 1 1 1 0 0 1      0.026      0.158      0.002      0.001      0.813    5
     1.000 1 1 1 1 0 * 1 0 0      0.003      0.009      0.002      0.035      0.950    5
     1.000 1 1 1 1 1 0 0 * 1      0.001      0.198      0.000      0.003      0.798    5
     1.000 1 1 1 1 1 0 0 0 *      0.000      0.010      0.003      0.000      0.987    5
     1.000 1 1 0 0 0 1 0 0 0      0.048      0.000      0.424      0.066      0.461    5
     1.000 1 0 1 0 1 1 0 1 0      0.313      0.033      0.018      0.033      0.603    5
     1.000 1 1 1 1 0 0 1 0 1      0.005      0.029      0.000      0.098      0.868    5
     1.000 1 1 1 0 1 0 0 * *      0.003      0.033      0.012      0.018      0.933    5
     1.000 1 1 1 0 0 0 1 0 0      0.005      0.000      0.020      0.093      0.882    5
     1.000 1 1 1 * 0 0 0 0 0      0.001      0.000      0.061      0.003      0.935    5
     1.000 1 0 1 1 1 1 * * 0      0.073      0.231      0.008      0.006      0.683    5
     1.000 0 1 1 0 1 0 1 0 1      0.085      0.024      0.009      0.017      0.865    5
     1.000 1 1 1 * 0 1 0 0 1      0.012      0.037      0.001      0.419      0.531    5
     1.000 1 0 0 1 1 0 0 1 0      0.098      0.001      0.293      0.000      0.607    5
     1.000 1 1 0 0 1 0 1 0 1      0.078      0.029      0.013      0.072      0.808    5
     1.000 0 1 1 1 0 0 0 1 0      0.014      0.001      0.053      0.001      0.931    5
     1.000 1 1 1 1 0 0 1 0 0      0.001      0.001      0.003      0.007      0.988    5
     1.000 1 1 0 1 1 0 1 0 0      0.003      0.003      0.016      0.000      0.978    5
     1.000 0 1 1 * 1 0 1 0 0      0.007      0.002      0.027      0.000      0.964    5
     1.000 1 1 1 0 1 1 0 1 0      0.011      0.111      0.001      0.058      0.818    5
     1.000 0 1 1 0 0 * 0 1 0      0.150      0.001      0.171      0.073      0.605    5
     1.000 1 0 0 1 1 0 0 1 1      0.447      0.035      0.034      0.002      0.482    5
     1.000 0 1 0 1 1 1 0 1 0      0.224      0.030      0.042      0.001      0.703    5
     1.000 0 1 1 1 0 0 0 1 1      0.075      0.016      0.007      0.021      0.880    5
     1.000 1 1 1 0 * 0 0 1 0      0.003      0.004      0.009      0.027      0.957    5
     1.000 0 1 1 1 1 0 0 * *      0.007      0.027      0.027      0.000      0.939    5
     1.000 1 1 0 0 1 0 1 0 0      0.015      0.001      0.097      0.005      0.882    5
     1.000 1 1 0 0 0 * 0 0 1      0.103      0.002      0.163      0.356      0.376    5
     1.000 1 1 1 1 1 * 0 1 0      0.001      0.122      0.000      0.002      0.875    5
     1.000 1 1 1 * 0 0 0 1 1      0.011      0.031      0.001      0.346      0.611    5
     1.000 0 1 1 0 1 0 0 0 0      0.003      0.000      0.334      0.000      0.662    5
     1.000 1 1 1 * 1 0 1 1 0      0.003      0.104      0.000      0.015      0.878    5
     1.000 1 1 1 0 0 0 0 0 *      0.003      0.000      0.096      0.061      0.840    5
     1.000 1 1 0 1 0 1 0 0 0      0.016      0.001      0.115      0.008      0.860    5
     1.000 1 1 1 1 * 0 0 1 1      0.002      0.268      0.000      0.021      0.708    5
